  242.8900   244.3300
  242.8900   244.3700
  242.8600   244.4100
  242.8700   244.3400
  242.8600   244.3300
  242.8200   244.2300
  242.8000   244.2100
  242.7600   244.1000
  242.7000   244.0800
  242.7100   244.0700
  242.6300   244.0100
  242.6500   244.0000
  242.5900   244.0400
  242.5800   244.0400
  242.5600   244.0500
  242.5700   244.0600
  242.6000   244.1000
  242.6100   244.0800
  242.6200   244.0600
  242.6200   244.0700
  242.6200   244.0500
  242.6100   244.0000
  242.5900   244.0200
  242.5700   243.9800
  242.6000   244.0100
  242.6300   244.0100
  242.6200   244.0000
  242.6700   244.0200
  242.7000   244.0500
  242.7200   244.0100
  242.7600   243.9900
  242.7700   243.9900
  242.7300   243.9800
  242.7700   244.0400
  242.8200   244.0500
  242.8600   244.0900
  242.7800   244.1000
  242.8500   244.1300
  242.9300   244.2300
  242.9900   244.3300
  243.0200   244.4100
  242.9800   244.4500
  243.0400   244.4800
  243.0800   244.4900
  243.0600   244.4900
  243.1100   244.5100
