  226.0000   218.7100
  225.9700   218.7400
  226.0100   218.7400
  226.0000   218.7400
  225.9900   218.7400
  225.9700   218.7400
  225.9700   218.7200
  225.9200   218.6900
  225.7800   218.6100
       nan        nan
  226.1400   219.6100
  226.1500   219.7800
  226.2100   219.8100
  226.1900   219.7600
  226.1700   219.7400
  226.1100   219.6400
  226.0800   219.7500
  226.0600   219.6800
  226.0500   219.6400
       nan        nan
  226.0800   219.4800
  226.0900   219.6000
  226.1200   219.6100
  226.2200   219.6700
  226.3200   219.6600
  226.2600   219.6700
  226.2500   219.7300
  226.2400   219.7000
  226.1800   219.6400
       nan        nan
  226.1500   219.4500
  226.2100   219.6200
  226.3000   219.6400
  226.2800   219.6400
  226.3200   219.6500
  226.3200   219.6300
  226.2700   219.6100
  226.3300   219.6000
  226.3400   219.6100
       nan        nan
  226.2600   219.4100
  226.3500   219.5800
  226.4500   219.6700
  226.5100   219.7000
  226.5400   219.8000
  226.5300   219.8200
  226.5500   219.8300
  226.5500   219.8400
  226.5600   219.8200
       nan        nan
  226.5800   219.7300
  226.6300   219.9100
  226.6300   219.9400
  226.6600   219.9500
  226.6500   219.9400
  226.7000   219.9300
  226.5500   219.9200
  226.5200   219.8900
  226.5500   219.9400
       nan        nan
  226.5300   219.7200
  226.5500   219.8700
  226.5700   219.8400
  226.6200   219.8800
  226.5800   219.8500
  226.5500   219.8900
  226.5400   219.9100
  226.5300   219.9100
  226.5500   219.9100
       nan        nan
  226.5100   219.7000
  226.5400   219.8400
  226.6200   219.8400
  226.6400   219.8000
  226.6500   219.8700
  226.6500   219.8500
  226.6800   219.8600
  226.6700   219.8500
  226.6600   219.8600
       nan        nan
  226.5600   219.5300
  226.6100   219.7300
  226.6300   219.7400
  226.6300   219.7400
  226.6400   219.7700
  226.6100   219.7600
  226.6400   219.6400
  226.6700   219.5600
  226.6900   219.6000
       nan        nan
  226.5800   219.3100
  226.6400   219.5300
  226.6600   219.5500
  226.6700   219.5600
  226.6500   219.5600
  226.6500   219.5600
  226.6700   219.5600
  226.6900   219.5600
  226.6900   219.5900
       nan        nan
  226.7300   219.5100
  226.7800   219.7000
  226.7600   219.7100
  226.7800   219.6200
  226.7600   219.6100
  226.7900   219.6000
  226.7700   219.5800
  226.7900   219.5700
  226.8100   219.6800
       nan        nan
  226.7400   219.5900
  226.7900   219.7100
  226.7700   219.7100
  226.8100   219.7100
  226.8200   219.7100
  226.8200   219.6900
  226.7200   219.6900
  226.7100   219.6900
  226.7900   219.6700
       nan        nan
  226.6400   219.4900
  226.7200   219.6300
  226.8100   219.6700
  226.8200   219.6800
  226.8400   219.6800
  226.8500   219.7000
  226.8400   219.7300
  226.8400   219.7100
  226.8700   219.7100
       nan        nan
  226.7800   219.2100
  226.7800   219.4500
  226.7200   219.4800
  226.7300   219.5000
  226.7900   219.5100
  226.8300   219.5300
  226.8900   219.5900
  226.9300   219.6100
  226.9600   219.6200
       nan        nan
  226.8900   219.5200
  226.9500   219.7300
  226.9300   219.7400
  226.9400   219.7900
  226.9300   219.7900
  226.9100   219.7700
  226.9100   219.7900
  226.9200   219.8000
  226.9000   219.8100
       nan        nan
  226.8500   219.5800
  226.9300   219.7600
  226.9200   219.8000
  226.9000   219.8100
  226.9000   219.8500
  226.9500   219.9500
  227.0700   219.9800
  227.3000   220.0700
  227.5000   220.1700
       nan        nan
  227.4900   220.1800
  227.6700   220.3300
  228.0000   220.6300
  305.9600   224.4000
  325.9700   346.1900
  370.6500   381.7600
  397.4400   408.1700
