@version 40102
@ title "Anomalous differences"
@with G0
@  world xmin   -4.0000
@  world xmax    4.0000
@  world ymin   -5.0000
@  world ymax    5.0000
@  view xmin    0.0500
@  view xmax    0.6500
@  view ymin    0.1500
@  view ymax    0.8500
@  xaxis  tick on
@  xaxis  tick major    1.0000
@  xaxis  label "Delta(expected)"
@  xaxis  tick major grid on
@  xaxis  tick minor ticks 0
@  yaxis  tick on
@  yaxis  tick major    1.0000
@  yaxis  label "Delta(observed)"
@  yaxis  tick major grid on
@  yaxis  tick minor ticks 0
@  legend loctype world
@  legend x1     0.800
@  legend y1     0.000
@  legend color 1
@  legend vgap 2
@  legend hgap 1
@  legend length 1
@  legend font 4
@  legend char size 0.8
@  legend on
@G0 on
@  s0 type xy
@  s0  symbol size    0.5000
@  s0  symbol fill  0
@  s0  symbol 2
@  s0  symbol color   1
@  s0  linestyle 0
@  s0  color   1
@  legend string   0 "FROMDIALS"
   -3.0793   -3.8846
   -2.7358   -2.7254
   -2.5631   -2.7116
   -2.4441   -2.3886
   -2.3520   -2.3669
   -2.2764   -2.1195
   -2.2120   -1.7433
   -2.1555   -1.6797
   -2.1053   -1.6245
   -2.0598   -1.6003
   -2.0182   -1.5998
   -1.9799   -1.5683
   -1.9442   -1.4745
   -1.9109   -1.4487
   -1.8796   -1.4478
   -1.8500   -1.3297
   -1.8219   -1.3288
   -1.7953   -1.3279
   -1.7698   -1.3251
   -1.7454   -1.2669
   -1.7220   -1.2489
   -1.6996   -1.2272
   -1.6779   -1.2184
   -1.6571   -1.2010
   -1.6369   -1.1726
   -1.6173   -1.1641
   -1.5984   -1.1516
   -1.5800   -1.1441
   -1.5621   -1.0788
   -1.5448   -1.0600
   -1.5278   -1.0527
   -1.5113   -1.0409
   -1.4952   -1.0268
   -1.4795   -0.9892
   -1.4641   -0.9870
   -1.4491   -0.9600
   -1.4344   -0.9149
   -1.4200   -0.9060
   -1.4059   -0.8959
   -1.3921   -0.8936
   -1.3785   -0.8903
   -1.3652   -0.8746
   -1.3521   -0.8727
   -1.3392   -0.8503
   -1.3266   -0.8344
   -1.3142   -0.8276
   -1.3019   -0.8252
   -1.2899   -0.8082
   -1.2780   -0.7993
   -1.2663   -0.7706
   -1.2548   -0.7681
   -1.2435   -0.7414
   -1.2323   -0.7394
   -1.2212   -0.7314
   -1.2104   -0.7211
   -1.1996   -0.7182
   -1.1890   -0.7118
   -1.1785   -0.6921
   -1.1682   -0.6762
   -1.1579   -0.6691
   -1.1478   -0.6617
   -1.1378   -0.6586
   -1.1280   -0.6416
   -1.1182   -0.6332
   -1.1085   -0.6226
   -1.0990   -0.6176
   -1.0895   -0.6126
   -1.0801   -0.6122
   -1.0709   -0.6085
   -1.0617   -0.6059
   -1.0526   -0.6040
   -1.0436   -0.6028
   -1.0347   -0.5965
   -1.0258   -0.5943
   -1.0171   -0.5937
   -1.0084   -0.5911
   -0.9998   -0.5863
   -0.9912   -0.5824
   -0.9828   -0.5767
   -0.9744   -0.5750
   -0.9660   -0.5724
   -0.9578   -0.5653
   -0.9496   -0.5625
   -0.9415   -0.5557
   -0.9334   -0.5552
   -0.9254   -0.5543
   -0.9174   -0.5489
   -0.9095   -0.5456
   -0.9017   -0.5408
   -0.8939   -0.5316
   -0.8862   -0.5290
   -0.8785   -0.5179
   -0.8709   -0.5165
   -0.8633   -0.5160
   -0.8558   -0.5011
   -0.8483   -0.4927
   -0.8409   -0.4843
   -0.8335   -0.4827
   -0.8262   -0.4802
   -0.8189   -0.4742
   -0.8116   -0.4596
   -0.8044   -0.4586
   -0.7972   -0.4584
   -0.7901   -0.4538
   -0.7830   -0.4518
   -0.7760   -0.4344
   -0.7690   -0.4329
   -0.7620   -0.4328
   -0.7551   -0.4324
   -0.7482   -0.4268
   -0.7413   -0.4167
   -0.7345   -0.4142
   -0.7277   -0.4123
   -0.7209   -0.4084
   -0.7142   -0.4056
   -0.7075   -0.3934
   -0.7008   -0.3858
   -0.6942   -0.3795
   -0.6876   -0.3771
   -0.6810   -0.3761
   -0.6745   -0.3733
   -0.6680   -0.3690
   -0.6615   -0.3646
   -0.6550   -0.3630
   -0.6486   -0.3608
   -0.6422   -0.3522
   -0.6358   -0.3481
   -0.6295   -0.3457
   -0.6231   -0.3457
   -0.6168   -0.3443
   -0.6106   -0.3366
   -0.6043   -0.3312
   -0.5981   -0.3290
   -0.5919   -0.3259
   -0.5857   -0.3138
   -0.5795   -0.3102
   -0.5734   -0.3036
   -0.5673   -0.2997
   -0.5612   -0.2928
   -0.5551   -0.2833
   -0.5490   -0.2825
   -0.5430   -0.2792
   -0.5370   -0.2756
   -0.5310   -0.2670
   -0.5250   -0.2642
   -0.5190   -0.2602
   -0.5131   -0.2586
   -0.5072   -0.2572
   -0.5013   -0.2527
   -0.4954   -0.2481
   -0.4895   -0.2460
   -0.4837   -0.2448
   -0.4778   -0.2445
   -0.4720   -0.2405
   -0.4662   -0.2392
   -0.4604   -0.2343
   -0.4546   -0.2333
   -0.4489   -0.2278
   -0.4431   -0.2244
   -0.4374   -0.2227
   -0.4317   -0.2044
   -0.4260   -0.2014
   -0.4203   -0.1986
   -0.4146   -0.1941
   -0.4090   -0.1916
   -0.4033   -0.1915
   -0.3977   -0.1839
   -0.3921   -0.1808
   -0.3864   -0.1800
   -0.3808   -0.1794
   -0.3753   -0.1786
   -0.3697   -0.1767
   -0.3641   -0.1730
   -0.3586   -0.1718
   -0.3530   -0.1706
   -0.3475   -0.1644
   -0.3420   -0.1643
   -0.3365   -0.1599
   -0.3310   -0.1521
   -0.3255   -0.1495
   -0.3200   -0.1495
   -0.3145   -0.1471
   -0.3091   -0.1455
   -0.3036   -0.1450
   -0.2982   -0.1437
   -0.2928   -0.1437
   -0.2873   -0.1409
   -0.2819   -0.1348
   -0.2765   -0.1341
   -0.2711   -0.1337
   -0.2657   -0.1262
   -0.2603   -0.1249
   -0.2550   -0.1231
   -0.2496   -0.1202
   -0.2442   -0.1135
   -0.2389   -0.1134
   -0.2335   -0.1122
   -0.2282   -0.1094
   -0.2229   -0.1085
   -0.2175   -0.1070
   -0.2122   -0.1061
   -0.2069   -0.1023
   -0.2016   -0.0994
   -0.1963   -0.0956
   -0.1910   -0.0948
   -0.1857   -0.0944
   -0.1804   -0.0943
   -0.1751   -0.0933
   -0.1698   -0.0861
   -0.1646   -0.0825
   -0.1593   -0.0794
   -0.1540   -0.0793
   -0.1488   -0.0778
   -0.1435   -0.0774
   -0.1383   -0.0772
   -0.1330   -0.0762
   -0.1278   -0.0760
   -0.1225   -0.0733
   -0.1173   -0.0690
   -0.1120   -0.0670
   -0.1068   -0.0597
   -0.1016   -0.0550
   -0.0964   -0.0515
   -0.0911   -0.0473
   -0.0859   -0.0440
   -0.0807   -0.0426
   -0.0755   -0.0383
   -0.0703   -0.0375
   -0.0651   -0.0298
   -0.0598   -0.0255
   -0.0546   -0.0215
   -0.0494   -0.0212
   -0.0442   -0.0178
   -0.0390   -0.0135
   -0.0338   -0.0135
   -0.0286   -0.0086
   -0.0234   -0.0076
   -0.0182   -0.0071
   -0.0130   -0.0068
   -0.0078   -0.0057
   -0.0026    0.0028
    0.0026    0.0037
    0.0078    0.0053
    0.0130    0.0061
    0.0182    0.0083
    0.0234    0.0117
    0.0286    0.0124
    0.0338    0.0129
    0.0390    0.0174
    0.0442    0.0185
    0.0494    0.0190
    0.0546    0.0198
    0.0598    0.0204
    0.0651    0.0217
    0.0703    0.0226
    0.0755    0.0231
    0.0807    0.0247
    0.0859    0.0249
    0.0911    0.0298
    0.0964    0.0335
    0.1016    0.0365
    0.1068    0.0447
    0.1120    0.0455
    0.1173    0.0463
    0.1225    0.0489
    0.1278    0.0490
    0.1330    0.0522
    0.1383    0.0540
    0.1435    0.0547
    0.1488    0.0647
    0.1540    0.0648
    0.1593    0.0687
    0.1646    0.0757
    0.1698    0.0879
    0.1751    0.0925
    0.1804    0.0928
    0.1857    0.0971
    0.1910    0.1010
    0.1963    0.1033
    0.2016    0.1075
    0.2069    0.1098
    0.2122    0.1114
    0.2175    0.1158
    0.2229    0.1178
    0.2282    0.1197
    0.2335    0.1209
    0.2389    0.1217
    0.2442    0.1265
    0.2496    0.1276
    0.2550    0.1311
    0.2603    0.1319
    0.2657    0.1351
    0.2711    0.1364
    0.2765    0.1372
    0.2819    0.1376
    0.2873    0.1404
    0.2928    0.1474
    0.2982    0.1489
    0.3036    0.1546
    0.3091    0.1560
    0.3145    0.1562
    0.3200    0.1579
    0.3255    0.1589
    0.3310    0.1619
    0.3365    0.1655
    0.3420    0.1699
    0.3475    0.1732
    0.3530    0.1803
    0.3586    0.1914
    0.3641    0.1957
    0.3697    0.2052
    0.3753    0.2096
    0.3808    0.2117
    0.3864    0.2150
    0.3921    0.2189
    0.3977    0.2195
    0.4033    0.2224
    0.4090    0.2302
    0.4146    0.2341
    0.4203    0.2349
    0.4260    0.2386
    0.4317    0.2471
    0.4374    0.2560
    0.4431    0.2652
    0.4489    0.2654
    0.4546    0.2750
    0.4604    0.2768
    0.4662    0.2968
    0.4720    0.2973
    0.4778    0.2981
    0.4837    0.2982
    0.4895    0.3046
    0.4954    0.3062
    0.5013    0.3076
    0.5072    0.3083
    0.5131    0.3122
    0.5190    0.3148
    0.5250    0.3163
    0.5310    0.3167
    0.5370    0.3191
    0.5430    0.3209
    0.5490    0.3224
    0.5551    0.3299
    0.5612    0.3306
    0.5673    0.3335
    0.5734    0.3389
    0.5795    0.3427
    0.5857    0.3430
    0.5919    0.3462
    0.5981    0.3540
    0.6043    0.3550
    0.6106    0.3572
    0.6168    0.3572
    0.6231    0.3612
    0.6295    0.3623
    0.6358    0.3670
    0.6422    0.3692
    0.6486    0.3728
    0.6550    0.3781
    0.6615    0.3807
    0.6680    0.3808
    0.6745    0.3958
    0.6810    0.3976
    0.6876    0.4009
    0.6942    0.4026
    0.7008    0.4046
    0.7075    0.4050
    0.7142    0.4115
    0.7209    0.4140
    0.7277    0.4165
    0.7345    0.4238
    0.7413    0.4245
    0.7482    0.4247
    0.7551    0.4256
    0.7620    0.4384
    0.7690    0.4446
    0.7760    0.4471
    0.7830    0.4483
    0.7901    0.4494
    0.7972    0.4508
    0.8044    0.4523
    0.8116    0.4537
    0.8189    0.4548
    0.8262    0.4564
    0.8335    0.4565
    0.8409    0.4678
    0.8483    0.4693
    0.8558    0.4699
    0.8633    0.4736
    0.8709    0.4769
    0.8785    0.4930
    0.8862    0.5001
    0.8939    0.5247
    0.9017    0.5251
    0.9095    0.5257
    0.9174    0.5365
    0.9254    0.5372
    0.9334    0.5438
    0.9415    0.5620
    0.9496    0.5797
    0.9578    0.5804
    0.9660    0.5882
    0.9744    0.5891
    0.9828    0.5917
    0.9912    0.6012
    0.9998    0.6055
    1.0084    0.6133
    1.0171    0.6232
    1.0258    0.6321
    1.0347    0.6506
    1.0436    0.6506
    1.0526    0.6509
    1.0617    0.6590
    1.0709    0.6610
    1.0801    0.6829
    1.0895    0.6879
    1.0990    0.6885
    1.1085    0.6898
    1.1182    0.6983
    1.1280    0.7100
    1.1378    0.7166
    1.1478    0.7313
    1.1579    0.7464
    1.1682    0.7578
    1.1785    0.7589
    1.1890    0.7635
    1.1996    0.7643
    1.2104    0.7699
    1.2212    0.7820
    1.2323    0.7861
    1.2435    0.7905
    1.2548    0.8061
    1.2663    0.8114
    1.2780    0.8136
    1.2899    0.8206
    1.3019    0.8210
    1.3142    0.8229
    1.3266    0.8582
    1.3392    0.8681
    1.3521    0.8730
    1.3652    0.8753
    1.3785    0.8827
    1.3921    0.8922
    1.4059    0.9024
    1.4200    0.9055
    1.4344    0.9423
    1.4491    0.9630
    1.4641    0.9841
    1.4795    1.0153
    1.4952    1.0198
    1.5113    1.0303
    1.5278    1.0567
    1.5448    1.0590
    1.5621    1.0688
    1.5800    1.0787
    1.5984    1.0937
    1.6173    1.1204
    1.6369    1.1340
    1.6571    1.1344
    1.6779    1.1358
    1.6996    1.1361
    1.7220    1.1363
    1.7454    1.2419
    1.7698    1.2425
    1.7953    1.2547
    1.8219    1.2877
    1.8500    1.2894
    1.8796    1.3063
    1.9109    1.3630
    1.9442    1.3708
    1.9799    1.4318
    2.0182    1.4544
    2.0598    1.5485
    2.1053    1.6057
    2.1555    1.6355
    2.2120    1.6471
    2.2764    1.7170
    2.3520    1.8124
    2.4441    1.8613
    2.5631    2.0956
    2.7358    2.2374
    3.0793    3.0505
&
@ s1 color 1
@ s1 linestyle 1
   -4.0000   -4.0000
    4.0000    4.0000
&
