@version 40102
@ title "DelAnom/RMS scatter plot"
@ subtitle "DIALS/XTAL/FROMDIALS"
@with G0
@  world xmin  -10.0000
@  world xmax   10.0000
@  world ymin  -10.0000
@  world ymax   10.0000
@  view xmin    0.0500
@  view xmax    0.6500
@  view ymin    0.1500
@  view ymax    0.8500
@  xaxis  tick on
@  xaxis  tick major    2.0000
@  xaxis  tick major grid on
@  xaxis  tick minor ticks 0
@  yaxis  tick on
@  yaxis  tick major    2.0000
@  yaxis  tick major grid on
@  yaxis  tick minor ticks 0
@  legend loctype world
@  legend x1     0.600
@  legend y1     0.000
@  legend color 1
@  legend vgap 2
@  legend hgap 1
@  legend length 1
@  legend font 4
@  legend char size 0.8
@  legend on
@G0 on
@  s0 type xy
@  s0  symbol size    0.7500
@  s0  symbol fill  0
@  s0  symbol 2
@  s0  symbol color   1
@  s0  linestyle 0
@  s0  color   1
@  legend string   0 "Low resolution"
  -0.741    0.316
  -3.447    1.547
  -3.647    2.917
  -1.483   -1.456
  -1.860    1.439
  -1.466   -1.847
   0.036    0.700
   1.971   -1.803
   0.451   -3.828
   0.555    0.513
  -0.543    0.717
  -0.511    1.401
   1.496    1.320
  -1.369   -0.486
   0.580    0.576
   0.066   -2.249
  -1.922    4.340
  -1.658    0.696
  -0.805    6.934
   0.003    0.278
   1.363    0.619
  -3.247    1.295
  -3.278    0.715
   3.193    0.945
  -0.817   -0.602
  -0.386    1.872
   0.481    2.636
   0.375    0.043
   0.269    0.418
  -0.512    2.157
   0.355   -0.147
  -3.217    0.273
  -0.323    0.595
  -0.901    1.294
  -1.026    1.521
  -1.036    0.223
  -0.618    1.018
   1.046   -2.069
  -0.600   -2.547
   1.622   -1.531
  -0.184    3.564
  -1.092   -1.842
  -1.067    1.245
  -0.469   -0.370
  -5.042   -1.944
  -0.449    2.426
  -1.906    0.042
  -0.524   -1.299
  -0.296   -1.041
  -0.752    2.831
  -4.695   -1.487
  -0.911    0.794
  -2.325   -0.168
  -1.919    0.619
   0.761    4.802
  -4.550    1.220
  -1.979    3.699
   1.076   -1.257
   0.064   -0.413
  -0.784    4.218
   1.017   -0.877
   0.847    0.396
   1.558    1.743
   1.150   -1.606
  -1.034    1.163
   0.745    0.687
   2.010    0.404
   3.683    3.789
   1.163    0.040
  -0.044   -0.567
  -0.613    0.762
   0.800   -0.654
   1.910    0.257
   1.314    0.110
   0.395    0.267
   0.730    2.350
  -4.834    2.551
  -0.200    0.332
  -2.099    0.252
  -0.611   -3.060
  -5.460   -5.360
   0.872   -1.117
   2.026    0.481
  -0.213    0.545
   0.086    2.234
  -2.566   -1.179
   1.579    0.588
  -0.364   -1.587
  -3.336    1.299
   0.302    0.718
   0.092    0.338
   1.256   -0.519
  -0.299    1.514
   0.005    0.523
  -1.312    2.034
  -4.662   -2.194
  -6.346   -4.465
   1.761   -0.011
  -0.340    0.662
   0.158    0.475
&
@  s1 type xy
@  s1  symbol size    0.7500
@  s1  symbol fill  0
@  s1  symbol 2
@  s1  symbol color   2
@  s1  linestyle 0
@  s1  color   2
@  legend string   1 "High resolution"
  -0.001    0.918
  -0.340    0.854
   2.093   -0.193
  -0.449    0.398
   0.290   -0.486
   0.544   -0.375
  -0.132    0.367
   0.420    0.016
   0.210   -0.368
   1.362   -0.538
   1.817   -2.154
  -0.832    0.623
   0.577   -0.186
  -0.059    0.788
   0.255   -0.511
   0.162    2.039
  -0.431   -0.078
   1.270    1.570
  -0.954    0.025
  -0.292    0.276
   0.513    0.452
  -0.655   -0.296
  -2.342    0.313
  -1.236    0.492
  -0.061    0.209
  -0.482   -0.923
   0.104   -0.891
   0.008    0.755
   0.395   -0.503
  -0.444    0.183
   0.546   -1.302
  -0.794   -0.267
  -0.407   -0.265
   0.050    0.423
  -0.492    0.436
   0.468   -0.013
   0.224    0.836
  -0.375    0.548
  -2.393    0.404
  -0.559   -0.699
  -0.414   -0.044
   0.514   -0.062
   0.315   -0.561
  -0.143   -0.386
  -0.162    1.368
   0.000    0.418
   0.440    0.358
   0.328   -0.148
   0.075    0.220
  -0.083    1.085
   0.362   -0.075
   1.132   -0.288
   0.065   -0.016
   0.027    0.416
  -0.357   -0.136
  -0.169   -0.349
   0.032   -0.086
  -0.078   -0.033
  -0.497   -0.245
   0.106    0.039
   0.110   -0.117
  -2.430    5.550
   1.367   -0.776
  -0.995    1.023
   0.815   -1.398
   1.067    0.840
  -1.817    2.783
  -2.978    1.101
  -0.869    0.894
   0.562    0.111
  -1.422    0.126
  -0.760    0.632
   0.018    0.322
   2.433    0.743
  -1.366    0.174
  -0.519    1.149
   2.281    1.471
  -1.274    1.954
  -0.474   -0.961
  -0.357   -0.435
  -0.277   -0.017
  -0.285   -0.119
  -0.532    0.319
   0.157   -0.071
  -0.525    0.353
   0.038    0.121
  -5.465   -0.022
  -1.944    0.061
   0.307   -0.815
  -0.304    0.608
   0.591   -0.308
  -0.172    0.171
  -0.903    0.078
   0.653    1.342
  -0.728    0.259
   0.321    0.067
  -0.108   -0.755
   0.030   -0.450
  -1.707   -0.937
  -1.351    1.298
   0.325    0.079
   0.690   -0.231
  -0.491   -0.307
   0.069   -0.646
   0.324   -0.173
  -0.152    0.113
   0.282    0.765
  -0.353   -0.194
   0.029    0.306
  -0.105   -0.332
   0.209   -0.166
   0.151   -0.412
  -0.110   -0.268
  -0.366   -0.528
  -0.187    0.983
  -0.669    1.267
   0.715    0.634
  -0.458    1.870
  -0.394    0.441
  -0.656    2.935
   0.128   -0.259
  -1.096    0.323
   0.438   -0.126
  -0.811    0.690
   0.204    0.116
   0.162   -2.558
  -0.090    0.644
   0.707   -0.551
  -0.933   -0.222
  -0.642   -0.997
   0.065    0.382
   0.174    0.650
   0.658    0.356
  -0.010   -0.221
  -0.495    0.480
   0.082   -0.182
   0.310   -0.437
  -0.139   -0.197
   0.787   -0.875
  -0.010   -0.286
  -0.180    0.402
  -0.394    1.118
   0.005    0.553
   0.822    0.002
  -0.355    0.297
  -0.033    0.904
  -0.087   -0.208
   0.112    0.270
  -0.090    0.019
   0.456    0.012
  -0.354   -0.648
   0.187   -0.619
  -0.508   -0.350
   0.115   -0.445
   0.327   -0.181
   0.370    0.263
   0.528   -0.091
   0.182   -1.081
  -0.362   -0.606
   0.060    0.125
  -0.124    0.207
  -0.237   -0.551
   0.189   -0.101
  -0.737    0.094
  -1.538   -2.189
   2.127   -1.014
  -0.626   -0.398
  -0.028    0.384
   0.463   -0.741
   2.374   -0.695
   1.576    0.294
  -0.274   -0.079
  -1.333   -0.150
   1.184   -1.187
  -0.017    0.087
   0.178   -0.027
   0.628   -3.951
  -0.040   -0.191
   1.674   -1.472
  -0.606    2.408
  -1.526   -0.526
   0.434   -0.722
   0.105    0.363
  -0.477    0.089
   0.312    0.134
  -0.408   -3.075
   2.354   -2.271
   2.024   -2.008
  -0.776   -0.498
   0.981   -1.370
   0.636   -0.580
  -0.364    0.586
  -0.549    0.062
   0.328   -0.347
   0.470    0.021
  -1.907    0.768
   1.415   -0.501
   1.051   -0.990
  -0.589    0.206
   0.163   -0.088
  -0.424   -0.242
  -0.090   -0.058
  -2.231    1.506
  -0.218   -0.130
  -0.639    0.359
   1.036   -0.416
   0.138    0.373
  -1.769   -0.288
  -0.713    1.341
  -0.449   -1.224
   0.576   -2.388
  -1.394    1.584
   1.341    0.364
  -0.612   -0.220
  -1.698   -0.178
   0.822   -0.922
  -1.149   -0.510
  -0.755    0.744
   0.268    0.531
  -0.466    1.751
   0.972    0.452
  -0.076    0.032
  -0.462    0.426
   0.277    0.112
  -0.569    2.778
  -0.116   -0.693
   0.015    0.008
   0.436   -0.225
  -0.064    0.607
   0.012    0.049
  -0.186   -1.508
   1.103    0.024
  -0.380    0.073
   0.590   -0.333
   0.473   -0.086
   1.295   -0.557
   0.392   -0.004
   0.173   -0.778
  -0.271   -0.119
   0.260    0.583
  -0.420   -0.169
   0.254    0.100
   0.006   -0.319
   0.157   -0.767
  -0.129   -0.577
   0.317    0.063
  -0.141   -0.281
   0.304   -1.994
   2.602   -2.180
  -0.207    1.188
   0.404    0.041
  -0.410   -0.700
   0.822    0.294
  -0.785    2.436
  -0.323    0.170
   0.270    0.934
   0.312   -0.313
   0.284    0.506
  -1.104    1.659
   0.786   -0.632
   0.943    0.651
   0.670    0.039
   0.079    0.442
   0.175   -0.005
   1.211   -0.099
  -0.191   -0.248
  -0.178    0.148
   0.681    0.766
  -0.998    0.161
  -2.028   -0.944
   0.472    0.138
   0.099    0.396
   0.572   -0.431
  -0.229    0.005
   0.112    1.018
   0.254   -0.772
  -0.213   -0.413
  -0.097   -0.106
  -0.965    0.652
   0.395    0.908
  -0.613   -0.141
  -0.441   -0.149
  -0.329   -0.836
  -1.055    0.915
  -0.803    0.911
   0.822    0.309
   0.755   -0.766
   0.220    0.180
  -0.228   -0.462
   1.994   -0.292
   0.278    0.290
   0.230    0.022
  -0.141   -0.461
   0.186   -0.328
   0.014    0.076
  -0.820   -0.186
  -0.020   -0.075
  -1.563   -2.261
   0.284   -0.475
   0.324   -0.791
  -0.011   -0.088
  -0.551   -0.016
  -0.880    0.229
  -0.022    0.259
   0.121   -0.887
   0.267   -0.537
   0.270   -0.326
  -0.130    0.067
   0.256   -0.168
  -0.205    0.040
  -0.126   -0.851
   0.662    0.738
   0.368   -0.357
   2.411    0.801
  -0.147   -1.153
  -0.954    1.915
  -0.824    0.494
  -0.519    0.041
   1.382   -1.105
  -0.701    1.124
   0.511    0.198
   0.136    1.149
   0.896   -0.531
   0.887   -0.218
  -0.240    0.121
   0.794    0.234
   1.082    1.058
  -0.070    0.060
  -0.178   -0.367
  -0.550    1.084
  -0.476   -0.435
   0.198   -0.928
  -0.304    1.208
   0.502   -0.097
   0.289   -0.830
   0.714   -0.585
   0.158    0.730
   0.201   -0.285
  -0.299    0.069
   0.163    0.056
  -0.197    0.366
  -0.197   -0.033
  -0.521   -0.639
  -0.089    0.258
  -0.299   -0.949
   0.149    0.197
  -0.284   -0.056
  -0.709    1.089
   0.137    0.030
  -0.854   -0.341
   0.180   -0.220
  -0.299    1.090
  -0.094   -0.489
   0.027   -0.467
  -0.119   -0.116
   0.152   -0.030
  -0.219    0.009
   0.098   -0.107
   0.087   -0.395
   0.215   -0.084
&
@ s2 color 1
@ s2 linestyle 1
  -10.0000  -10.0000
   10.0000   10.0000
&
