@version 40102
@ title "Normal probability plot"
@with G0
@  world xmin   -4.0000
@  world xmax    4.0000
@  world ymin   -5.0000
@  world ymax    5.0000
@  view xmin    0.0500
@  view xmax    0.6500
@  view ymin    0.1500
@  view ymax    0.8500
@  xaxis  tick on
@  xaxis  tick major    1.0000
@  xaxis  label "Delta(expected)"
@  xaxis  tick major grid on
@  xaxis  tick minor ticks 0
@  yaxis  tick on
@  yaxis  tick major    1.0000
@  yaxis  label "Delta(observed)"
@  yaxis  tick major grid on
@  yaxis  tick minor ticks 0
@  legend loctype world
@  legend x1     0.800
@  legend y1     0.000
@  legend color 1
@  legend vgap 2
@  legend hgap 1
@  legend length 1
@  legend font 4
@  legend char size 0.8
@  legend on
@G0 on
@  s0 type xy
@  s0  symbol size    0.5000
@  s0  symbol fill  0
@  s0  symbol 2
@  s0  symbol color   1
@  s0  linestyle 0
@  s0  color   1
@  legend string   0 "Run 1: FROMDIALS fulls"
   -3.9032   -4.1820
   -3.6271   -3.5928
   -3.4927   -3.5068
   -3.4019   -3.2436
   -3.3325   -2.9459
   -3.2763   -2.6223
   -3.2288   -2.5441
   -3.1877   -2.5210
   -3.1513   -2.5126
   -3.1187   -2.5032
   -3.0890   -2.4704
   -3.0619   -2.4584
   -3.0368   -2.4279
   -3.0136   -2.4106
   -2.9918   -2.4024
   -2.9714   -2.3128
   -2.9522   -2.2659
   -2.9339   -2.2286
   -2.9167   -2.2014
   -2.9002   -2.1669
   -2.8845   -2.1536
   -2.8695   -2.0928
   -2.8550   -2.0090
   -2.8412   -1.9917
   -2.8279   -1.9563
   -2.8151   -1.9556
   -2.8027   -1.9428
   -2.7907   -1.9392
   -2.7791   -1.8946
   -2.7679   -1.8916
   -2.7570   -1.8834
   -2.7464   -1.8678
   -2.7362   -1.8431
   -2.7262   -1.8156
   -2.7165   -1.8111
   -2.7070   -1.8056
   -2.6978   -1.7922
   -2.6888   -1.7811
   -2.6800   -1.7766
   -2.6714   -1.7752
   -2.6630   -1.7675
   -2.6547   -1.7616
   -2.6467   -1.7611
   -2.6388   -1.7595
   -2.6311   -1.7496
   -2.6235   -1.7479
   -2.6161   -1.7423
   -2.6089   -1.7396
   -2.6017   -1.7370
   -2.5947   -1.7369
   -2.5878   -1.7271
   -2.5811   -1.7199
   -2.5744   -1.6976
   -2.5679   -1.6896
   -2.5615   -1.6891
   -2.5551   -1.6884
   -2.5489   -1.6842
   -2.5428   -1.6835
   -2.5368   -1.6809
   -2.5308   -1.6740
   -2.5250   -1.6734
   -2.5192   -1.6679
   -2.5135   -1.6667
   -2.5079   -1.6663
   -2.5024   -1.6544
   -2.4969   -1.6519
   -2.4916   -1.6459
   -2.4863   -1.6390
   -2.4810   -1.6354
   -2.4759   -1.6354
   -2.4708   -1.6315
   -2.4657   -1.6312
   -2.4607   -1.6268
   -2.4558   -1.6264
   -2.4509   -1.6242
   -2.4461   -1.6226
   -2.4414   -1.6155
   -2.4367   -1.6122
   -2.4321   -1.6111
   -2.4275   -1.6071
   -2.4229   -1.6044
   -2.4184   -1.5887
   -2.4140   -1.5872
   -2.4096   -1.5817
   -2.4053   -1.5804
   -2.4010   -1.5674
   -2.3967   -1.5670
   -2.3925   -1.5647
   -2.3883   -1.5615
   -2.3842   -1.5583
   -2.3801   -1.5581
   -2.3760   -1.5558
   -2.3720   -1.5551
   -2.3681   -1.5529
   -2.3641   -1.5523
   -2.3602   -1.5512
   -2.3563   -1.5501
   -2.3525   -1.5464
   -2.3487   -1.5449
   -2.3450   -1.5388
   -2.3412   -1.5387
   -2.3375   -1.5375
   -2.3338   -1.5310
   -2.3302   -1.5303
   -2.3266   -1.5293
   -2.3230   -1.5254
   -2.3195   -1.5235
   -2.3160   -1.5214
   -2.3125   -1.5214
   -2.3090   -1.5194
   -2.3056   -1.5178
   -2.3022   -1.5163
   -2.2988   -1.5144
   -2.2955   -1.5109
   -2.2921   -1.5100
   -2.2888   -1.5077
   -2.2855   -1.5045
   -2.2823   -1.5030
   -2.2791   -1.5008
   -2.2759   -1.4971
   -2.2727   -1.4916
   -2.2695   -1.4908
   -2.2664   -1.4899
   -2.2633   -1.4898
   -2.2602   -1.4883
   -2.2571   -1.4882
   -2.2540   -1.4871
   -2.2510   -1.4858
   -2.2480   -1.4836
   -2.2450   -1.4834
   -2.2420   -1.4817
   -2.2391   -1.4770
   -2.2362   -1.4756
   -2.2333   -1.4725
   -2.2304   -1.4708
   -2.2275   -1.4692
   -2.2246   -1.4676
   -2.2218   -1.4631
   -2.2190   -1.4518
   -2.2162   -1.4504
   -2.2134   -1.4420
   -2.2106   -1.4417
   -2.2079   -1.4370
   -2.2051   -1.4336
   -2.2024   -1.4330
   -2.1997   -1.4274
   -2.1970   -1.4246
   -2.1944   -1.4187
   -2.1917   -1.4182
   -2.1891   -1.4158
   -2.1864   -1.4143
   -2.1838   -1.4122
   -2.1812   -1.4098
   -2.1787   -1.4096
   -2.1761   -1.4076
   -2.1735   -1.4075
   -2.1710   -1.4074
   -2.1685   -1.4060
   -2.1660   -1.4056
   -2.1635   -1.4020
   -2.1610   -1.4003
   -2.1585   -1.3981
   -2.1561   -1.3976
   -2.1536   -1.3968
   -2.1512   -1.3968
   -2.1488   -1.3947
   -2.1464   -1.3943
   -2.1440   -1.3938
   -2.1416   -1.3935
   -2.1392   -1.3934
   -2.1369   -1.3897
   -2.1345   -1.3881
   -2.1322   -1.3869
   -2.1299   -1.3824
   -2.1276   -1.3785
   -2.1253   -1.3748
   -2.1230   -1.3743
   -2.1207   -1.3701
   -2.1184   -1.3637
   -2.1162   -1.3613
   -2.1139   -1.3611
   -2.1117   -1.3556
   -2.1095   -1.3555
   -2.1073   -1.3551
   -2.1051   -1.3522
   -2.1029   -1.3496
   -2.1007   -1.3485
   -2.0985   -1.3453
   -2.0963   -1.3442
   -2.0942   -1.3437
   -2.0921   -1.3410
   -2.0899   -1.3406
   -2.0878   -1.3402
   -2.0857   -1.3394
   -2.0815   -1.3391
   -2.0794   -1.3386
   -2.0773   -1.3384
   -2.0752   -1.3382
   -2.0732   -1.3382
   -2.0691   -1.3374
   -2.0670   -1.3363
   -2.0650   -1.3356
   -2.0630   -1.3332
   -2.0610   -1.3300
   -2.0590   -1.3271
   -2.0570   -1.3179
   -2.0550   -1.3179
   -2.0531   -1.3176
   -2.0511   -1.3172
   -2.0472   -1.3159
   -2.0452   -1.3146
   -2.0433   -1.3146
   -2.0394   -1.3133
   -2.0375   -1.3119
   -2.0356   -1.3088
   -2.0337   -1.3085
   -2.0318   -1.3080
   -2.0299   -1.3073
   -2.0281   -1.3050
   -2.0243   -1.2979
   -2.0225   -1.2965
   -2.0206   -1.2959
   -2.0115   -1.2901
   -2.0097   -1.2877
   -2.0079   -1.2870
   -2.0061   -1.2850
   -2.0043   -1.2846
   -2.0007   -1.2825
   -1.9954   -1.2789
   -1.9937   -1.2780
   -1.9919   -1.2769
   -1.9902   -1.2760
   -1.9867   -1.2713
   -1.9850   -1.2701
   -1.9816   -1.2666
   -1.9799   -1.2659
   -1.9782   -1.2659
   -1.9765   -1.2642
   -1.9748   -1.2632
   -1.9731   -1.2618
   -1.9714   -1.2606
   -1.9698   -1.2596
   -1.9681   -1.2586
   -1.9648   -1.2574
   -1.9631   -1.2562
   -1.9599   -1.2550
   -1.9582   -1.2545
   -1.9566   -1.2543
   -1.9550   -1.2539
   -1.9534   -1.2538
   -1.9517   -1.2538
   -1.9501   -1.2531
   -1.9485   -1.2530
   -1.9469   -1.2490
   -1.9453   -1.2450
   -1.9438   -1.2445
   -1.9422   -1.2430
   -1.9406   -1.2403
   -1.9390   -1.2399
   -1.9359   -1.2366
   -1.9343   -1.2359
   -1.9297   -1.2346
   -1.9281   -1.2346
   -1.9266   -1.2339
   -1.9251   -1.2334
   -1.9235   -1.2315
   -1.9205   -1.2305
   -1.9190   -1.2293
   -1.9160   -1.2238
   -1.9130   -1.2231
   -1.9115   -1.2200
   -1.9100   -1.2198
   -1.9070   -1.2179
   -1.9041   -1.2171
   -1.9026   -1.2165
   -1.8997   -1.2152
   -1.8983   -1.2122
   -1.8968   -1.2115
   -1.8953   -1.2107
   -1.8939   -1.2102
   -1.8925   -1.2077
   -1.8910   -1.2037
   -1.8896   -1.2036
   -1.8867   -1.2022
   -1.8853   -1.2013
   -1.8839   -1.2007
   -1.8825   -1.1989
   -1.8811   -1.1986
   -1.8783   -1.1961
   -1.8769   -1.1957
   -1.8755   -1.1939
   -1.8741   -1.1926
   -1.8727   -1.1923
   -1.8713   -1.1921
   -1.8700   -1.1906
   -1.8686   -1.1869
   -1.8659   -1.1842
   -1.8645   -1.1841
   -1.8631   -1.1837
   -1.8618   -1.1836
   -1.8591   -1.1821
   -1.8577   -1.1800
   -1.8550   -1.1799
   -1.8537   -1.1786
   -1.8524   -1.1785
   -1.8510   -1.1785
   -1.8497   -1.1747
   -1.8484   -1.1745
   -1.8457   -1.1734
   -1.8444   -1.1708
   -1.8431   -1.1702
   -1.8418   -1.1690
   -1.8405   -1.1683
   -1.8392   -1.1683
   -1.8379   -1.1670
   -1.8353   -1.1650
   -1.8340   -1.1645
   -1.8327   -1.1637
   -1.8302   -1.1629
   -1.8289   -1.1624
   -1.8276   -1.1610
   -1.8263   -1.1599
   -1.8251   -1.1596
   -1.8238   -1.1592
   -1.8225   -1.1574
   -1.8213   -1.1570
   -1.8200   -1.1570
   -1.8163   -1.1502
   -1.8138   -1.1481
   -1.8125   -1.1474
   -1.8113   -1.1463
   -1.8101   -1.1453
   -1.8088   -1.1451
   -1.8076   -1.1451
   -1.8039   -1.1443
   -1.8027   -1.1442
   -1.8015   -1.1418
   -1.8003   -1.1410
   -1.7991   -1.1405
   -1.7955   -1.1389
   -1.7930   -1.1368
   -1.7919   -1.1354
   -1.7895   -1.1341
   -1.7883   -1.1328
   -1.7847   -1.1310
   -1.7836   -1.1300
   -1.7812   -1.1259
   -1.7801   -1.1257
   -1.7777   -1.1254
   -1.7754   -1.1243
   -1.7708   -1.1199
   -1.7662   -1.1182
   -1.7651   -1.1173
   -1.7639   -1.1172
   -1.7549   -1.1099
   -1.7538   -1.1096
   -1.7527   -1.1090
   -1.7516   -1.1081
   -1.7505   -1.1075
   -1.7493   -1.1070
   -1.7482   -1.1067
   -1.7438   -1.1039
   -1.7427   -1.1037
   -1.7416   -1.1036
   -1.7406   -1.1026
   -1.7384   -1.1018
   -1.7373   -1.1018
   -1.7362   -1.1014
   -1.7330   -1.1007
   -1.7297   -1.0978
   -1.7287   -1.0972
   -1.7255   -1.0963
   -1.7202   -1.0922
   -1.7171   -1.0901
   -1.7160   -1.0897
   -1.7150   -1.0896
   -1.7129   -1.0876
   -1.7108   -1.0866
   -1.7098   -1.0866
   -1.7067   -1.0854
   -1.7036   -1.0830
   -1.7016   -1.0821
   -1.7005   -1.0802
   -1.6985   -1.0792
   -1.6965   -1.0778
   -1.6955   -1.0772
   -1.6945   -1.0760
   -1.6935   -1.0756
   -1.6914   -1.0741
   -1.6885   -1.0728
   -1.6855   -1.0702
   -1.6825   -1.0687
   -1.6815   -1.0681
   -1.6795   -1.0672
   -1.6786   -1.0651
   -1.6776   -1.0638
   -1.6766   -1.0638
   -1.6756   -1.0632
   -1.6746   -1.0627
   -1.6737   -1.0625
   -1.6717   -1.0615
   -1.6708   -1.0615
   -1.6698   -1.0603
   -1.6640   -1.0587
   -1.6631   -1.0586
   -1.6612   -1.0585
   -1.6593   -1.0564
   -1.6583   -1.0556
   -1.6536   -1.0540
   -1.6498   -1.0499
   -1.6480   -1.0490
   -1.6470   -1.0478
   -1.6461   -1.0466
   -1.6443   -1.0454
   -1.6332   -1.0376
   -1.6305   -1.0355
   -1.6296   -1.0353
   -1.6287   -1.0350
   -1.6251   -1.0329
   -1.6233   -1.0326
   -1.6224   -1.0323
   -1.6206   -1.0322
   -1.6197   -1.0319
   -1.6189   -1.0315
   -1.6180   -1.0312
   -1.6171   -1.0305
   -1.6144   -1.0287
   -1.6109   -1.0257
   -1.6100   -1.0257
   -1.6065   -1.0236
   -1.6013   -1.0206
   -1.5970   -1.0163
   -1.5962   -1.0152
   -1.5945   -1.0142
   -1.5936   -1.0135
   -1.5928   -1.0127
   -1.5919   -1.0126
   -1.5911   -1.0120
   -1.5893   -1.0105
   -1.5885   -1.0103
   -1.5860   -1.0096
   -1.5834   -1.0082
   -1.5826   -1.0071
   -1.5818   -1.0070
   -1.5809   -1.0068
   -1.5793   -1.0062
   -1.5776   -1.0056
   -1.5751   -1.0020
   -1.5743   -1.0008
   -1.5734   -1.0005
   -1.5726   -1.0002
   -1.5718   -0.9998
   -1.5702   -0.9985
   -1.5693   -0.9981
   -1.5677   -0.9966
   -1.5669   -0.9958
   -1.5660   -0.9957
   -1.5644   -0.9952
   -1.5636   -0.9951
   -1.5628   -0.9941
   -1.5620   -0.9931
   -1.5604   -0.9912
   -1.5571   -0.9895
   -1.5563   -0.9894
   -1.5539   -0.9870
   -1.5523   -0.9868
   -1.5491   -0.9854
   -1.5460   -0.9841
   -1.5452   -0.9840
   -1.5436   -0.9835
   -1.5420   -0.9824
   -1.5412   -0.9820
   -1.5396   -0.9800
   -1.5373   -0.9791
   -1.5357   -0.9764
   -1.5350   -0.9757
   -1.5342   -0.9753
   -1.5326   -0.9748
   -1.5319   -0.9748
   -1.5303   -0.9740
   -1.5295   -0.9740
   -1.5280   -0.9737
   -1.5272   -0.9730
   -1.5264   -0.9722
   -1.5257   -0.9720
   -1.5219   -0.9705
   -1.5211   -0.9705
   -1.5203   -0.9702
   -1.5196   -0.9701
   -1.5165   -0.9694
   -1.5158   -0.9685
   -1.5150   -0.9682
   -1.5143   -0.9663
   -1.5120   -0.9653
   -1.5105   -0.9646
   -1.5090   -0.9642
   -1.5083   -0.9632
   -1.5075   -0.9631
   -1.5038   -0.9620
   -1.5030   -0.9619
   -1.5023   -0.9602
   -1.5001   -0.9592
   -1.4986   -0.9588
   -1.4979   -0.9587
   -1.4957   -0.9577
   -1.4906   -0.9552
   -1.4884   -0.9536
   -1.4833   -0.9503
   -1.4812   -0.9488
   -1.4790   -0.9473
   -1.4762   -0.9462
   -1.4754   -0.9458
   -1.4747   -0.9440
   -1.4733   -0.9431
   -1.4719   -0.9423
   -1.4691   -0.9404
   -1.4641   -0.9379
   -1.4613   -0.9362
   -1.4607   -0.9358
   -1.4593   -0.9349
   -1.4586   -0.9344
   -1.4565   -0.9336
   -1.4544   -0.9327
   -1.4530   -0.9318
   -1.4517   -0.9313
   -1.4489   -0.9288
   -1.4475   -0.9285
   -1.4462   -0.9279
   -1.4455   -0.9279
   -1.4394   -0.9247
   -1.4387   -0.9245
   -1.4380   -0.9245
   -1.4313   -0.9194
   -1.4273   -0.9168
   -1.4240   -0.9141
   -1.4234   -0.9140
   -1.4214   -0.9114
   -1.4207   -0.9114
   -1.4201   -0.9113
   -1.4194   -0.9106
   -1.4181   -0.9102
   -1.4161   -0.9089
   -1.4155   -0.9087
   -1.4148   -0.9082
   -1.4122   -0.9066
   -1.4116   -0.9065
   -1.4090   -0.9041
   -1.4064   -0.9036
   -1.4032   -0.9031
   -1.4025   -0.9029
   -1.4019   -0.9027
   -1.4000   -0.9017
   -1.3930   -0.8984
   -1.3892   -0.8954
   -1.3880   -0.8949
   -1.3867   -0.8944
   -1.3830   -0.8929
   -1.3817   -0.8920
   -1.3805   -0.8917
   -1.3774   -0.8906
   -1.3767   -0.8905
   -1.3743   -0.8887
   -1.3737   -0.8883
   -1.3730   -0.8881
   -1.3724   -0.8881
   -1.3718   -0.8880
   -1.3700   -0.8870
   -1.3663   -0.8840
   -1.3651   -0.8837
   -1.3645   -0.8836
   -1.3626   -0.8835
   -1.3608   -0.8824
   -1.3560   -0.8804
   -1.3554   -0.8801
   -1.3548   -0.8796
   -1.3542   -0.8796
   -1.3536   -0.8792
   -1.3530   -0.8782
   -1.3524   -0.8780
   -1.3494   -0.8762
   -1.3482   -0.8759
   -1.3470   -0.8757
   -1.3447   -0.8753
   -1.3435   -0.8745
   -1.3429   -0.8744
   -1.3423   -0.8737
   -1.3417   -0.8736
   -1.3405   -0.8726
   -1.3400   -0.8724
   -1.3394   -0.8721
   -1.3376   -0.8714
   -1.3364   -0.8701
   -1.3323   -0.8678
   -1.3318   -0.8672
   -1.3312   -0.8672
   -1.3265   -0.8657
   -1.3237   -0.8637
   -1.3219   -0.8625
   -1.3214   -0.8622
   -1.3202   -0.8618
   -1.3196   -0.8617
   -1.3191   -0.8617
   -1.3185   -0.8614
   -1.3094   -0.8558
   -1.3083   -0.8554
   -1.3077   -0.8554
   -1.3071   -0.8550
   -1.3060   -0.8542
   -1.3049   -0.8540
   -1.3043   -0.8536
   -1.3038   -0.8530
   -1.3027   -0.8520
   -1.3004   -0.8503
   -1.2993   -0.8499
   -1.2982   -0.8494
   -1.2954   -0.8482
   -1.2949   -0.8482
   -1.2877   -0.8439
   -1.2855   -0.8427
   -1.2833   -0.8402
   -1.2828   -0.8397
   -1.2811   -0.8387
   -1.2789   -0.8381
   -1.2762   -0.8357
   -1.2730   -0.8340
   -1.2703   -0.8317
   -1.2692   -0.8313
   -1.2687   -0.8313
   -1.2639   -0.8298
   -1.2623   -0.8288
   -1.2607   -0.8281
   -1.2602   -0.8278
   -1.2554   -0.8261
   -1.2549   -0.8260
   -1.2538   -0.8259
   -1.2491   -0.8233
   -1.2486   -0.8228
   -1.2481   -0.8219
   -1.2475   -0.8216
   -1.2470   -0.8203
   -1.2465   -0.8198
   -1.2423   -0.8138
   -1.2413   -0.8132
   -1.2403   -0.8130
   -1.2397   -0.8128
   -1.2377   -0.8109
   -1.2356   -0.8086
   -1.2346   -0.8079
   -1.2300   -0.8064
   -1.2295   -0.8063
   -1.2290   -0.8062
   -1.2269   -0.8037
   -1.2259   -0.8032
   -1.2254   -0.8026
   -1.2239   -0.8014
   -1.2213   -0.7986
   -1.2198   -0.7982
   -1.2178   -0.7967
   -1.2173   -0.7959
   -1.2123   -0.7914
   -1.2108   -0.7903
   -1.2103   -0.7901
   -1.2083   -0.7893
   -1.2068   -0.7884
   -1.2063   -0.7883
   -1.2058   -0.7881
   -1.2034   -0.7870
   -1.2029   -0.7867
   -1.2019   -0.7865
   -1.1994   -0.7834
   -1.1974   -0.7822
   -1.1969   -0.7822
   -1.1955   -0.7801
   -1.1940   -0.7789
   -1.1930   -0.7788
   -1.1916   -0.7780
   -1.1877   -0.7758
   -1.1867   -0.7755
   -1.1862   -0.7753
   -1.1857   -0.7749
   -1.1853   -0.7739
   -1.1833   -0.7723
   -1.1819   -0.7722
   -1.1776   -0.7696
   -1.1737   -0.7670
   -1.1732   -0.7664
   -1.1718   -0.7656
   -1.1699   -0.7646
   -1.1694   -0.7641
   -1.1690   -0.7634
   -1.1685   -0.7632
   -1.1680   -0.7631
   -1.1671   -0.7628
   -1.1647   -0.7620
   -1.1609   -0.7603
   -1.1605   -0.7602
   -1.1548   -0.7576
   -1.1534   -0.7560
   -1.1497   -0.7540
   -1.1483   -0.7536
   -1.1479   -0.7535
   -1.1451   -0.7527
   -1.1446   -0.7524
   -1.1432   -0.7514
   -1.1414   -0.7498
   -1.1400   -0.7496
   -1.1391   -0.7492
   -1.1377   -0.7479
   -1.1359   -0.7453
   -1.1323   -0.7428
   -1.1313   -0.7426
   -1.1309   -0.7423
   -1.1295   -0.7415
   -1.1286   -0.7414
   -1.1232   -0.7388
   -1.1228   -0.7387
   -1.1218   -0.7383
   -1.1209   -0.7381
   -1.1174   -0.7365
   -1.1169   -0.7363
   -1.1160   -0.7359
   -1.1156   -0.7357
   -1.1151   -0.7356
   -1.1125   -0.7330
   -1.1080   -0.7300
   -1.1010   -0.7252
   -1.0992   -0.7239
   -1.0983   -0.7236
   -1.0970   -0.7230
   -1.0957   -0.7219
   -1.0944   -0.7212
   -1.0940   -0.7210
   -1.0922   -0.7202
   -1.0887   -0.7184
   -1.0879   -0.7183
   -1.0861   -0.7174
   -1.0844   -0.7164
   -1.0814   -0.7152
   -1.0784   -0.7123
   -1.0758   -0.7113
   -1.0750   -0.7105
   -1.0733   -0.7094
   -1.0728   -0.7090
   -1.0699   -0.7069
   -1.0694   -0.7063
   -1.0690   -0.7058
   -1.0682   -0.7056
   -1.0622   -0.7028
   -1.0597   -0.7008
   -1.0593   -0.7006
   -1.0572   -0.7000
   -1.0551   -0.6986
   -1.0547   -0.6983
   -1.0543   -0.6980
   -1.0526   -0.6971
   -1.0522   -0.6971
   -1.0497   -0.6952
   -1.0455   -0.6929
   -1.0447   -0.6922
   -1.0443   -0.6922
   -1.0435   -0.6919
   -1.0414   -0.6907
   -1.0410   -0.6907
   -1.0406   -0.6904
   -1.0397   -0.6899
   -1.0393   -0.6896
   -1.0385   -0.6893
   -1.0377   -0.6885
   -1.0320   -0.6852
   -1.0307   -0.6846
   -1.0303   -0.6846
   -1.0287   -0.6838
   -1.0263   -0.6824
   -1.0250   -0.6823
   -1.0242   -0.6815
   -1.0238   -0.6814
   -1.0222   -0.6804
   -1.0214   -0.6796
   -1.0206   -0.6794
   -1.0194   -0.6784
   -1.0190   -0.6784
   -1.0178   -0.6778
   -1.0158   -0.6772
   -1.0142   -0.6767
   -1.0126   -0.6759
   -1.0122   -0.6759
   -1.0114   -0.6757
   -1.0094   -0.6748
   -1.0082   -0.6738
   -1.0074   -0.6733
   -1.0062   -0.6727
   -1.0050   -0.6710
   -1.0046   -0.6706
   -1.0038   -0.6701
   -1.0022   -0.6697
   -1.0018   -0.6695
   -1.0002   -0.6684
   -0.9986   -0.6680
   -0.9979   -0.6678
   -0.9967   -0.6676
   -0.9963   -0.6673
   -0.9947   -0.6666
   -0.9943   -0.6663
   -0.9920   -0.6633
   -0.9912   -0.6630
   -0.9900   -0.6625
   -0.9896   -0.6623
   -0.9861   -0.6596
   -0.9857   -0.6594
   -0.9845   -0.6588
   -0.9830   -0.6580
   -0.9803   -0.6557
   -0.9791   -0.6551
   -0.9772   -0.6546
   -0.9768   -0.6545
   -0.9741   -0.6530
   -0.9714   -0.6513
   -0.9656   -0.6478
   -0.9630   -0.6464
   -0.9626   -0.6463
   -0.9614   -0.6455
   -0.9607   -0.6453
   -0.9599   -0.6448
   -0.9595   -0.6446
   -0.9584   -0.6442
   -0.9580   -0.6440
   -0.9577   -0.6438
   -0.9542   -0.6413
   -0.9535   -0.6413
   -0.9512   -0.6406
   -0.9493   -0.6388
   -0.9475   -0.6376
   -0.9463   -0.6367
   -0.9456   -0.6362
   -0.9430   -0.6340
   -0.9422   -0.6336
   -0.9415   -0.6330
   -0.9407   -0.6327
   -0.9396   -0.6320
   -0.9392   -0.6317
   -0.9389   -0.6316
   -0.9363   -0.6306
   -0.9344   -0.6300
   -0.9340   -0.6298
   -0.9314   -0.6288
   -0.9300   -0.6281
   -0.9285   -0.6275
   -0.9255   -0.6245
   -0.9252   -0.6234
   -0.9215   -0.6219
   -0.9200   -0.6214
   -0.9178   -0.6207
   -0.9160   -0.6195
   -0.9156   -0.6192
   -0.9153   -0.6188
   -0.9116   -0.6182
   -0.9109   -0.6182
   -0.9098   -0.6180
   -0.9095   -0.6178
   -0.9087   -0.6174
   -0.9069   -0.6165
   -0.9022   -0.6142
   -0.9015   -0.6141
   -0.9004   -0.6128
   -0.8954   -0.6087
   -0.8933   -0.6071
   -0.8908   -0.6068
   -0.8872   -0.6050
   -0.8830   -0.6027
   -0.8812   -0.6017
   -0.8791   -0.6011
   -0.8773   -0.5996
   -0.8763   -0.5993
   -0.8759   -0.5991
   -0.8752   -0.5985
   -0.8685   -0.5959
   -0.8678   -0.5954
   -0.8675   -0.5954
   -0.8671   -0.5953
   -0.8664   -0.5950
   -0.8657   -0.5946
   -0.8640   -0.5939
   -0.8637   -0.5934
   -0.8522   -0.5883
   -0.8502   -0.5874
   -0.8481   -0.5860
   -0.8460   -0.5853
   -0.8426   -0.5840
   -0.8378   -0.5807
   -0.8358   -0.5798
   -0.8355   -0.5798
   -0.8297   -0.5771
   -0.8277   -0.5764
   -0.8273   -0.5764
   -0.8270   -0.5763
   -0.8260   -0.5760
   -0.8250   -0.5756
   -0.8236   -0.5748
   -0.8219   -0.5743
   -0.8186   -0.5729
   -0.8172   -0.5723
   -0.8142   -0.5708
   -0.8132   -0.5703
   -0.8129   -0.5700
   -0.8106   -0.5690
   -0.8053   -0.5664
   -0.8049   -0.5663
   -0.8039   -0.5659
   -0.8036   -0.5658
   -0.8016   -0.5646
   -0.7957   -0.5607
   -0.7950   -0.5605
   -0.7947   -0.5605
   -0.7940   -0.5601
   -0.7924   -0.5593
   -0.7921   -0.5592
   -0.7914   -0.5589
   -0.7891   -0.5578
   -0.7885   -0.5577
   -0.7855   -0.5557
   -0.7826   -0.5527
   -0.7806   -0.5512
   -0.7771   -0.5485
   -0.7767   -0.5485
   -0.7761   -0.5480
   -0.7751   -0.5473
   -0.7735   -0.5466
   -0.7732   -0.5461
   -0.7725   -0.5460
   -0.7693   -0.5447
   -0.7677   -0.5438
   -0.7667   -0.5436
   -0.7654   -0.5428
   -0.7638   -0.5419
   -0.7622   -0.5413
   -0.7619   -0.5404
   -0.7610   -0.5394
   -0.7594   -0.5389
   -0.7590   -0.5387
   -0.7578   -0.5379
   -0.7565   -0.5374
   -0.7552   -0.5368
   -0.7546   -0.5363
   -0.7530   -0.5357
   -0.7523   -0.5354
   -0.7498   -0.5347
   -0.7488   -0.5341
   -0.7482   -0.5338
   -0.7479   -0.5336
   -0.7460   -0.5321
   -0.7457   -0.5320
   -0.7447   -0.5304
   -0.7438   -0.5298
   -0.7431   -0.5295
   -0.7378   -0.5279
   -0.7362   -0.5276
   -0.7350   -0.5273
   -0.7340   -0.5267
   -0.7331   -0.5259
   -0.7309   -0.5243
   -0.7306   -0.5242
   -0.7299   -0.5239
   -0.7284   -0.5235
   -0.7240   -0.5216
   -0.7225   -0.5205
   -0.7221   -0.5202
   -0.7215   -0.5201
   -0.7209   -0.5200
   -0.7187   -0.5195
   -0.7178   -0.5193
   -0.7169   -0.5191
   -0.7156   -0.5186
   -0.7138   -0.5180
   -0.7131   -0.5174
   -0.7128   -0.5174
   -0.7122   -0.5170
   -0.7116   -0.5165
   -0.7113   -0.5163
   -0.7070   -0.5145
   -0.7064   -0.5144
   -0.7057   -0.5133
   -0.7008   -0.5097
   -0.6999   -0.5092
   -0.6984   -0.5087
   -0.6978   -0.5083
   -0.6969   -0.5080
   -0.6950   -0.5074
   -0.6947   -0.5074
   -0.6932   -0.5063
   -0.6929   -0.5059
   -0.6926   -0.5059
   -0.6898   -0.5050
   -0.6871   -0.5039
   -0.6807   -0.5010
   -0.6804   -0.5010
   -0.6792   -0.5008
   -0.6777   -0.5000
   -0.6765   -0.4994
   -0.6756   -0.4990
   -0.6744   -0.4982
   -0.6735   -0.4978
   -0.6720   -0.4965
   -0.6699   -0.4949
   -0.6648   -0.4926
   -0.6645   -0.4925
   -0.6639   -0.4922
   -0.6612   -0.4911
   -0.6606   -0.4907
   -0.6603   -0.4906
   -0.6580   -0.4888
   -0.6568   -0.4883
   -0.6535   -0.4864
   -0.6529   -0.4860
   -0.6485   -0.4835
   -0.6476   -0.4830
   -0.6473   -0.4829
   -0.6455   -0.4822
   -0.6452   -0.4821
   -0.6443   -0.4820
   -0.6411   -0.4804
   -0.6396   -0.4800
   -0.6390   -0.4796
   -0.6381   -0.4792
   -0.6370   -0.4789
   -0.6361   -0.4787
   -0.6352   -0.4781
   -0.6320   -0.4773
   -0.6317   -0.4772
   -0.6264   -0.4745
   -0.6261   -0.4744
   -0.6250   -0.4734
   -0.6232   -0.4728
   -0.6212   -0.4719
   -0.6209   -0.4719
   -0.6189   -0.4713
   -0.6148   -0.4674
   -0.6131   -0.4669
   -0.6122   -0.4665
   -0.6087   -0.4649
   -0.6076   -0.4642
   -0.6064   -0.4638
   -0.6044   -0.4633
   -0.6027   -0.4619
   -0.5998   -0.4597
   -0.5987   -0.4594
   -0.5967   -0.4589
   -0.5964   -0.4587
   -0.5961   -0.4586
   -0.5955   -0.4585
   -0.5949   -0.4583
   -0.5927   -0.4564
   -0.5918   -0.4558
   -0.5915   -0.4553
   -0.5910   -0.4548
   -0.5907   -0.4543
   -0.5901   -0.4538
   -0.5898   -0.4537
   -0.5864   -0.4522
   -0.5813   -0.4492
   -0.5804   -0.4491
   -0.5787   -0.4480
   -0.5773   -0.4475
   -0.5770   -0.4470
   -0.5742   -0.4460
   -0.5739   -0.4458
   -0.5725   -0.4453
   -0.5722   -0.4452
   -0.5719   -0.4444
   -0.5716   -0.4443
   -0.5694   -0.4431
   -0.5688   -0.4427
   -0.5685   -0.4424
   -0.5674   -0.4415
   -0.5669   -0.4413
   -0.5657   -0.4407
   -0.5640   -0.4400
   -0.5632   -0.4398
   -0.5626   -0.4397
   -0.5624   -0.4395
   -0.5621   -0.4394
   -0.5610   -0.4390
   -0.5604   -0.4390
   -0.5562   -0.4371
   -0.5556   -0.4366
   -0.5551   -0.4363
   -0.5453   -0.4304
   -0.5442   -0.4300
   -0.5423   -0.4286
   -0.5414   -0.4276
   -0.5381   -0.4261
   -0.5375   -0.4259
   -0.5373   -0.4257
   -0.5367   -0.4257
   -0.5351   -0.4248
   -0.5348   -0.4243
   -0.5334   -0.4237
   -0.5315   -0.4225
   -0.5287   -0.4214
   -0.5265   -0.4201
   -0.5262   -0.4200
   -0.5254   -0.4197
   -0.5226   -0.4182
   -0.5174   -0.4152
   -0.5161   -0.4145
   -0.5158   -0.4144
   -0.5136   -0.4124
   -0.5120   -0.4111
   -0.5114   -0.4108
   -0.5106   -0.4101
   -0.5095   -0.4098
   -0.5081   -0.4093
   -0.5079   -0.4092
   -0.5065   -0.4086
   -0.5062   -0.4085
   -0.5057   -0.4082
   -0.5049   -0.4078
   -0.5024   -0.4062
   -0.4997   -0.4043
   -0.4967   -0.4028
   -0.4937   -0.4010
   -0.4932   -0.4004
   -0.4926   -0.3996
   -0.4924   -0.3996
   -0.4910   -0.3981
   -0.4905   -0.3981
   -0.4891   -0.3977
   -0.4867   -0.3965
   -0.4845   -0.3952
   -0.4794   -0.3920
   -0.4754   -0.3900
   -0.4749   -0.3899
   -0.4714   -0.3878
   -0.4708   -0.3877
   -0.4698   -0.3867
   -0.4674   -0.3857
   -0.4666   -0.3852
   -0.4658   -0.3846
   -0.4623   -0.3836
   -0.4620   -0.3834
   -0.4602   -0.3828
   -0.4599   -0.3824
   -0.4591   -0.3817
   -0.4578   -0.3808
   -0.4556   -0.3803
   -0.4543   -0.3794
   -0.4538   -0.3790
   -0.4506   -0.3781
   -0.4501   -0.3774
   -0.4482   -0.3766
   -0.4477   -0.3765
   -0.4471   -0.3762
   -0.4466   -0.3757
   -0.4463   -0.3756
   -0.4458   -0.3749
   -0.4453   -0.3746
   -0.4440   -0.3742
   -0.4434   -0.3741
   -0.4426   -0.3736
   -0.4381   -0.3711
   -0.4379   -0.3711
   -0.4371   -0.3708
   -0.4368   -0.3705
   -0.4350   -0.3692
   -0.4334   -0.3685
   -0.4318   -0.3681
   -0.4313   -0.3679
   -0.4179   -0.3612
   -0.4174   -0.3608
   -0.4135   -0.3588
   -0.4119   -0.3581
   -0.4101   -0.3567
   -0.4096   -0.3566
   -0.4093   -0.3563
   -0.4085   -0.3559
   -0.4072   -0.3551
   -0.4057   -0.3546
   -0.4036   -0.3539
   -0.4031   -0.3537
   -0.4007   -0.3527
   -0.3963   -0.3497
   -0.3950   -0.3492
   -0.3940   -0.3489
   -0.3883   -0.3459
   -0.3860   -0.3447
   -0.3854   -0.3446
   -0.3831   -0.3437
   -0.3795   -0.3423
   -0.3787   -0.3421
   -0.3772   -0.3413
   -0.3746   -0.3405
   -0.3744   -0.3404
   -0.3733   -0.3395
   -0.3726   -0.3393
   -0.3674   -0.3371
   -0.3672   -0.3370
   -0.3667   -0.3370
   -0.3664   -0.3370
   -0.3654   -0.3366
   -0.3646   -0.3364
   -0.3636   -0.3359
   -0.3631   -0.3358
   -0.3615   -0.3345
   -0.3605   -0.3341
   -0.3600   -0.3340
   -0.3597   -0.3339
   -0.3580   -0.3333
   -0.3546   -0.3307
   -0.3541   -0.3305
   -0.3534   -0.3304
   -0.3528   -0.3301
   -0.3526   -0.3301
   -0.3521   -0.3300
   -0.3516   -0.3298
   -0.3503   -0.3293
   -0.3493   -0.3286
   -0.3483   -0.3282
   -0.3434   -0.3257
   -0.3429   -0.3256
   -0.3406   -0.3247
   -0.3396   -0.3235
   -0.3376   -0.3226
   -0.3371   -0.3217
   -0.3356   -0.3208
   -0.3353   -0.3208
   -0.3348   -0.3206
   -0.3333   -0.3199
   -0.3282   -0.3166
   -0.3274   -0.3164
   -0.3262   -0.3156
   -0.3249   -0.3154
   -0.3237   -0.3147
   -0.3209   -0.3135
   -0.3176   -0.3114
   -0.3163   -0.3109
   -0.3161   -0.3108
   -0.3153   -0.3105
   -0.3148   -0.3103
   -0.3128   -0.3090
   -0.3055   -0.3045
   -0.3043   -0.3041
   -0.3033   -0.3034
   -0.3003   -0.3017
   -0.2992   -0.3012
   -0.2985   -0.3010
   -0.2977   -0.3005
   -0.2975   -0.3005
   -0.2970   -0.3004
   -0.2957   -0.3000
   -0.2950   -0.2995
   -0.2935   -0.2987
   -0.2927   -0.2980
   -0.2862   -0.2952
   -0.2850   -0.2949
   -0.2830   -0.2938
   -0.2810   -0.2930
   -0.2800   -0.2925
   -0.2783   -0.2919
   -0.2768   -0.2909
   -0.2758   -0.2906
   -0.2740   -0.2892
   -0.2738   -0.2891
   -0.2728   -0.2876
   -0.2715   -0.2875
   -0.2710   -0.2871
   -0.2700   -0.2870
   -0.2678   -0.2864
   -0.2658   -0.2856
   -0.2633   -0.2847
   -0.2631   -0.2847
   -0.2623   -0.2844
   -0.2614   -0.2838
   -0.2584   -0.2821
   -0.2576   -0.2818
   -0.2574   -0.2818
   -0.2552   -0.2805
   -0.2539   -0.2798
   -0.2534   -0.2796
   -0.2517   -0.2789
   -0.2514   -0.2789
   -0.2495   -0.2779
   -0.2492   -0.2777
   -0.2490   -0.2776
   -0.2477   -0.2771
   -0.2465   -0.2768
   -0.2458   -0.2765
   -0.2450   -0.2764
   -0.2438   -0.2751
   -0.2421   -0.2747
   -0.2356   -0.2711
   -0.2337   -0.2698
   -0.2327   -0.2691
   -0.2305   -0.2682
   -0.2295   -0.2677
   -0.2283   -0.2666
   -0.2278   -0.2665
   -0.2238   -0.2638
   -0.2224   -0.2631
   -0.2216   -0.2628
   -0.2179   -0.2599
   -0.2165   -0.2592
   -0.2150   -0.2579
   -0.2120   -0.2563
   -0.2111   -0.2556
   -0.2106   -0.2549
   -0.2103   -0.2548
   -0.2084   -0.2538
   -0.2062   -0.2529
   -0.2027   -0.2518
   -0.2018   -0.2511
   -0.2010   -0.2506
   -0.1983   -0.2490
   -0.1974   -0.2486
   -0.1969   -0.2484
   -0.1966   -0.2483
   -0.1952   -0.2479
   -0.1949   -0.2477
   -0.1947   -0.2476
   -0.1927   -0.2457
   -0.1905   -0.2438
   -0.1895   -0.2431
   -0.1881   -0.2421
   -0.1861   -0.2415
   -0.1856   -0.2413
   -0.1849   -0.2407
   -0.1839   -0.2402
   -0.1830   -0.2400
   -0.1827   -0.2399
   -0.1820   -0.2396
   -0.1817   -0.2396
   -0.1803   -0.2388
   -0.1800   -0.2387
   -0.1774   -0.2371
   -0.1737   -0.2349
   -0.1715   -0.2328
   -0.1713   -0.2324
   -0.1705   -0.2321
   -0.1703   -0.2321
   -0.1698   -0.2317
   -0.1693   -0.2314
   -0.1679   -0.2305
   -0.1666   -0.2301
   -0.1664   -0.2300
   -0.1662   -0.2300
   -0.1630   -0.2287
   -0.1623   -0.2281
   -0.1615   -0.2280
   -0.1606   -0.2271
   -0.1572   -0.2257
   -0.1523   -0.2230
   -0.1511   -0.2225
   -0.1475   -0.2205
   -0.1467   -0.2199
   -0.1443   -0.2192
   -0.1438   -0.2191
   -0.1434   -0.2189
   -0.1419   -0.2184
   -0.1405   -0.2177
   -0.1397   -0.2174
   -0.1388   -0.2172
   -0.1385   -0.2171
   -0.1368   -0.2159
   -0.1315   -0.2120
   -0.1308   -0.2116
   -0.1300   -0.2110
   -0.1293   -0.2107
   -0.1276   -0.2092
   -0.1267   -0.2086
   -0.1235   -0.2071
   -0.1192   -0.2048
   -0.1170   -0.2042
   -0.1151   -0.2033
   -0.1146   -0.2031
   -0.1081   -0.1999
   -0.1066   -0.1989
   -0.1062   -0.1987
   -0.1037   -0.1977
   -0.1033   -0.1975
   -0.1021   -0.1969
   -0.0982   -0.1948
   -0.0972   -0.1943
   -0.0963   -0.1937
   -0.0951   -0.1927
   -0.0917   -0.1908
   -0.0910   -0.1895
   -0.0898   -0.1880
   -0.0893   -0.1871
   -0.0859   -0.1861
   -0.0797   -0.1832
   -0.0787   -0.1830
   -0.0782   -0.1823
   -0.0756   -0.1798
   -0.0751   -0.1796
   -0.0717   -0.1777
   -0.0713   -0.1772
   -0.0691   -0.1764
   -0.0686   -0.1761
   -0.0681   -0.1756
   -0.0674   -0.1753
   -0.0652   -0.1742
   -0.0645   -0.1736
   -0.0638   -0.1729
   -0.0604   -0.1711
   -0.0580   -0.1685
   -0.0547   -0.1655
   -0.0542   -0.1649
   -0.0537   -0.1646
   -0.0530   -0.1645
   -0.0504   -0.1626
   -0.0501   -0.1625
   -0.0496   -0.1623
   -0.0492   -0.1622
   -0.0484   -0.1616
   -0.0477   -0.1613
   -0.0475   -0.1610
   -0.0436   -0.1592
   -0.0417   -0.1582
   -0.0415   -0.1581
   -0.0379   -0.1561
   -0.0364   -0.1554
   -0.0360   -0.1551
   -0.0348   -0.1543
   -0.0331   -0.1536
   -0.0324   -0.1531
   -0.0321   -0.1531
   -0.0309   -0.1524
   -0.0297   -0.1519
   -0.0292   -0.1517
   -0.0280   -0.1510
   -0.0273   -0.1503
   -0.0269   -0.1501
   -0.0254   -0.1492
   -0.0252   -0.1491
   -0.0247   -0.1490
   -0.0206   -0.1468
   -0.0173   -0.1448
   -0.0168   -0.1447
   -0.0158   -0.1438
   -0.0113   -0.1421
   -0.0079   -0.1401
   -0.0070   -0.1397
   -0.0050   -0.1380
   -0.0029   -0.1362
    0.0007   -0.1340
    0.0031   -0.1327
    0.0034   -0.1325
    0.0053   -0.1307
    0.0074   -0.1296
    0.0082   -0.1290
    0.0084   -0.1289
    0.0103   -0.1279
    0.0113   -0.1276
    0.0117   -0.1275
    0.0141   -0.1260
    0.0144   -0.1259
    0.0149   -0.1252
    0.0151   -0.1250
    0.0161   -0.1246
    0.0165   -0.1243
    0.0168   -0.1243
    0.0182   -0.1239
    0.0199   -0.1234
    0.0204   -0.1233
    0.0223   -0.1223
    0.0240   -0.1217
    0.0254   -0.1203
    0.0257   -0.1200
    0.0266   -0.1196
    0.0312   -0.1172
    0.0338   -0.1155
    0.0340   -0.1153
    0.0384   -0.1127
    0.0386   -0.1127
    0.0388   -0.1124
    0.0405   -0.1112
    0.0424   -0.1102
    0.0427   -0.1101
    0.0451   -0.1080
    0.0465   -0.1074
    0.0475   -0.1070
    0.0492   -0.1052
    0.0494   -0.1050
    0.0499   -0.1049
    0.0501   -0.1049
    0.0523   -0.1041
    0.0528   -0.1035
    0.0535   -0.1034
    0.0554   -0.1014
    0.0561   -0.1012
    0.0564   -0.1012
    0.0568   -0.1009
    0.0576   -0.1008
    0.0592   -0.0995
    0.0604   -0.0990
    0.0616   -0.0983
    0.0667   -0.0960
    0.0713   -0.0928
    0.0725   -0.0915
    0.0758   -0.0883
    0.0773   -0.0875
    0.0775   -0.0874
    0.0816   -0.0858
    0.0821   -0.0854
    0.0854   -0.0819
    0.0857   -0.0814
    0.0859   -0.0812
    0.0862   -0.0807
    0.0900   -0.0788
    0.0905   -0.0786
    0.0943   -0.0758
    0.0946   -0.0757
    0.0948   -0.0756
    0.0951   -0.0755
    0.0953   -0.0754
    0.0982   -0.0720
    0.0984   -0.0720
    0.1018   -0.0708
    0.1021   -0.0707
    0.1025   -0.0699
    0.1045   -0.0679
    0.1066   -0.0663
    0.1074   -0.0658
    0.1076   -0.0657
    0.1090   -0.0650
    0.1112   -0.0633
    0.1115   -0.0633
    0.1134   -0.0622
    0.1139   -0.0614
    0.1141   -0.0613
    0.1146   -0.0612
    0.1160   -0.0603
    0.1175   -0.0596
    0.1185   -0.0585
    0.1204   -0.0574
    0.1233   -0.0554
    0.1247   -0.0551
    0.1259   -0.0542
    0.1267   -0.0540
    0.1303   -0.0521
    0.1339   -0.0499
    0.1356   -0.0492
    0.1363   -0.0486
    0.1375   -0.0483
    0.1395   -0.0472
    0.1407   -0.0463
    0.1414   -0.0461
    0.1434   -0.0452
    0.1453   -0.0434
    0.1458   -0.0431
    0.1463   -0.0429
    0.1487   -0.0421
    0.1494   -0.0415
    0.1514   -0.0406
    0.1531   -0.0401
    0.1594   -0.0364
    0.1596   -0.0363
    0.1618   -0.0346
    0.1623   -0.0343
    0.1625   -0.0343
    0.1640   -0.0333
    0.1679   -0.0311
    0.1688   -0.0308
    0.1703   -0.0303
    0.1708   -0.0302
    0.1725   -0.0290
    0.1739   -0.0285
    0.1742   -0.0279
    0.1759   -0.0268
    0.1761   -0.0267
    0.1781   -0.0243
    0.1795   -0.0239
    0.1800   -0.0236
    0.1810   -0.0223
    0.1812   -0.0222
    0.1817   -0.0219
    0.1820   -0.0219
    0.1830   -0.0209
    0.1837   -0.0206
    0.1842   -0.0204
    0.1854   -0.0198
    0.1861   -0.0197
    0.1869   -0.0196
    0.1876   -0.0191
    0.1881   -0.0182
    0.1886   -0.0178
    0.1900   -0.0166
    0.1922   -0.0149
    0.1939   -0.0142
    0.1969   -0.0119
    0.1976   -0.0117
    0.1991   -0.0105
    0.1998   -0.0102
    0.2015   -0.0085
    0.2042   -0.0063
    0.2047   -0.0061
    0.2057   -0.0059
    0.2098   -0.0034
    0.2101   -0.0034
    0.2113   -0.0024
    0.2150   -0.0013
    0.2157   -0.0012
    0.2177   -0.0004
    0.2184    0.0004
    0.2221    0.0021
    0.2231    0.0027
    0.2233    0.0030
    0.2248    0.0041
    0.2251    0.0044
    0.2307    0.0079
    0.2329    0.0094
    0.2344    0.0104
    0.2371    0.0129
    0.2396    0.0135
    0.2401    0.0135
    0.2428    0.0158
    0.2433    0.0168
    0.2443    0.0174
    0.2492    0.0191
    0.2497    0.0196
    0.2502    0.0197
    0.2505    0.0197
    0.2517    0.0202
    0.2542    0.0220
    0.2549    0.0228
    0.2566    0.0240
    0.2574    0.0243
    0.2576    0.0244
    0.2623    0.0278
    0.2678    0.0319
    0.2681    0.0321
    0.2686    0.0325
    0.2745    0.0367
    0.2748    0.0369
    0.2760    0.0376
    0.2770    0.0383
    0.2778    0.0388
    0.2790    0.0398
    0.2805    0.0405
    0.2807    0.0406
    0.2820    0.0411
    0.2835    0.0421
    0.2850    0.0434
    0.2852    0.0435
    0.2872    0.0447
    0.2902    0.0473
    0.2922    0.0489
    0.2925    0.0490
    0.2930    0.0490
    0.2932    0.0494
    0.2960    0.0507
    0.3023    0.0550
    0.3028    0.0552
    0.3050    0.0561
    0.3063    0.0575
    0.3073    0.0581
    0.3083    0.0590
    0.3103    0.0602
    0.3126    0.0611
    0.3131    0.0613
    0.3179    0.0640
    0.3189    0.0646
    0.3204    0.0650
    0.3244    0.0696
    0.3262    0.0705
    0.3295    0.0732
    0.3305    0.0739
    0.3307    0.0739
    0.3335    0.0762
    0.3371    0.0774
    0.3376    0.0775
    0.3381    0.0778
    0.3386    0.0787
    0.3404    0.0797
    0.3452    0.0823
    0.3460    0.0834
    0.3467    0.0838
    0.3490    0.0856
    0.3498    0.0858
    0.3511    0.0872
    0.3521    0.0881
    0.3546    0.0906
    0.3562    0.0913
    0.3580    0.0923
    0.3592    0.0935
    0.3608    0.0958
    0.3628    0.0968
    0.3649    0.0976
    0.3669    0.0994
    0.3674    0.0996
    0.3697    0.1019
    0.3702    0.1022
    0.3715    0.1027
    0.3720    0.1032
    0.3746    0.1057
    0.3754    0.1064
    0.3756    0.1066
    0.3767    0.1068
    0.3787    0.1086
    0.3793    0.1096
    0.3803    0.1109
    0.3816    0.1123
    0.3865    0.1166
    0.3875    0.1172
    0.3883    0.1175
    0.3885    0.1180
    0.3888    0.1181
    0.3896    0.1189
    0.3906    0.1195
    0.3914    0.1198
    0.3953    0.1222
    0.3981    0.1230
    0.3986    0.1231
    0.3994    0.1239
    0.4007    0.1248
    0.4036    0.1262
    0.4106    0.1343
    0.4111    0.1347
    0.4122    0.1350
    0.4213    0.1418
    0.4232    0.1429
    0.4242    0.1432
    0.4245    0.1434
    0.4250    0.1435
    0.4260    0.1447
    0.4263    0.1447
    0.4266    0.1449
    0.4268    0.1449
    0.4281    0.1464
    0.4321    0.1505
    0.4352    0.1528
    0.4355    0.1532
    0.4368    0.1542
    0.4397    0.1559
    0.4432    0.1583
    0.4437    0.1585
    0.4440    0.1587
    0.4471    0.1606
    0.4487    0.1612
    0.4490    0.1613
    0.4493    0.1615
    0.4509    0.1621
    0.4532    0.1645
    0.4546    0.1653
    0.4548    0.1655
    0.4551    0.1657
    0.4554    0.1659
    0.4559    0.1667
    0.4588    0.1692
    0.4602    0.1698
    0.4610    0.1703
    0.4660    0.1736
    0.4663    0.1737
    0.4671    0.1744
    0.4676    0.1749
    0.4684    0.1752
    0.4692    0.1759
    0.4711    0.1774
    0.4716    0.1775
    0.4741    0.1793
    0.4743    0.1793
    0.4759    0.1800
    0.4786    0.1821
    0.4794    0.1832
    0.4829    0.1850
    0.4837    0.1854
    0.4854    0.1869
    0.4859    0.1879
    0.4881    0.1894
    0.4894    0.1909
    0.4910    0.1922
    0.4924    0.1931
    0.4935    0.1944
    0.4943    0.1948
    0.4962    0.1969
    0.4986    0.1982
    0.5024    0.2012
    0.5038    0.2024
    0.5046    0.2029
    0.5065    0.2041
    0.5084    0.2052
    0.5090    0.2054
    0.5103    0.2062
    0.5117    0.2081
    0.5155    0.2109
    0.5199    0.2143
    0.5204    0.2144
    0.5215    0.2158
    0.5229    0.2179
    0.5232    0.2182
    0.5240    0.2184
    0.5246    0.2193
    0.5268    0.2211
    0.5326    0.2260
    0.5328    0.2264
    0.5339    0.2272
    0.5342    0.2273
    0.5345    0.2274
    0.5353    0.2284
    0.5359    0.2285
    0.5373    0.2300
    0.5378    0.2303
    0.5381    0.2308
    0.5392    0.2322
    0.5398    0.2326
    0.5414    0.2348
    0.5436    0.2379
    0.5439    0.2380
    0.5495    0.2422
    0.5523    0.2429
    0.5540    0.2440
    0.5629    0.2500
    0.5632    0.2505
    0.5654    0.2518
    0.5657    0.2522
    0.5671    0.2543
    0.5674    0.2545
    0.5677    0.2545
    0.5694    0.2565
    0.5700    0.2571
    0.5702    0.2572
    0.5725    0.2590
    0.5731    0.2590
    0.5753    0.2609
    0.5756    0.2610
    0.5765    0.2614
    0.5816    0.2651
    0.5818    0.2651
    0.5838    0.2671
    0.5927    0.2726
    0.5952    0.2749
    0.5955    0.2750
    0.6001    0.2774
    0.6007    0.2782
    0.6015    0.2786
    0.6024    0.2793
    0.6036    0.2802
    0.6044    0.2810
    0.6047    0.2811
    0.6064    0.2826
    0.6093    0.2855
    0.6096    0.2858
    0.6128    0.2873
    0.6131    0.2874
    0.6154    0.2887
    0.6157    0.2890
    0.6168    0.2896
    0.6177    0.2903
    0.6186    0.2907
    0.6209    0.2914
    0.6218    0.2919
    0.6232    0.2935
    0.6238    0.2944
    0.6250    0.2953
    0.6258    0.2964
    0.6261    0.2965
    0.6267    0.2970
    0.6308    0.3002
    0.6320    0.3007
    0.6323    0.3010
    0.6329    0.3017
    0.6343    0.3039
    0.6367    0.3060
    0.6384    0.3072
    0.6393    0.3082
    0.6423    0.3112
    0.6429    0.3128
    0.6437    0.3133
    0.6452    0.3150
    0.6488    0.3175
    0.6508    0.3184
    0.6511    0.3184
    0.6520    0.3187
    0.6532    0.3191
    0.6538    0.3195
    0.6574    0.3230
    0.6591    0.3245
    0.6615    0.3263
    0.6624    0.3276
    0.6630    0.3278
    0.6636    0.3283
    0.6657    0.3296
    0.6693    0.3340
    0.6705    0.3345
    0.6717    0.3356
    0.6723    0.3358
    0.6762    0.3401
    0.6774    0.3412
    0.6780    0.3421
    0.6823    0.3455
    0.6838    0.3472
    0.6844    0.3477
    0.6856    0.3490
    0.6883    0.3516
    0.6886    0.3519
    0.6889    0.3520
    0.6901    0.3528
    0.6905    0.3528
    0.6962    0.3571
    0.6981    0.3578
    0.7014    0.3613
    0.7054    0.3641
    0.7061    0.3649
    0.7091    0.3706
    0.7113    0.3720
    0.7119    0.3725
    0.7162    0.3749
    0.7181    0.3773
    0.7228    0.3801
    0.7243    0.3807
    0.7256    0.3816
    0.7271    0.3840
    0.7274    0.3845
    0.7309    0.3878
    0.7315    0.3882
    0.7324    0.3885
    0.7334    0.3887
    0.7390    0.3949
    0.7406    0.3955
    0.7431    0.3978
    0.7444    0.3992
    0.7463    0.4007
    0.7466    0.4007
    0.7469    0.4013
    0.7479    0.4023
    0.7488    0.4030
    0.7523    0.4050
    0.7562    0.4079
    0.7568    0.4085
    0.7578    0.4091
    0.7597    0.4122
    0.7600    0.4124
    0.7613    0.4129
    0.7616    0.4133
    0.7622    0.4138
    0.7654    0.4164
    0.7687    0.4190
    0.7696    0.4195
    0.7729    0.4216
    0.7767    0.4263
    0.7771    0.4269
    0.7774    0.4269
    0.7780    0.4279
    0.7787    0.4281
    0.7800    0.4294
    0.7826    0.4319
    0.7836    0.4331
    0.7852    0.4353
    0.7901    0.4396
    0.7911    0.4398
    0.7927    0.4416
    0.7934    0.4418
    0.7937    0.4437
    0.7950    0.4452
    0.7957    0.4452
    0.7973    0.4463
    0.8000    0.4488
    0.8023    0.4501
    0.8026    0.4503
    0.8056    0.4525
    0.8072    0.4543
    0.8112    0.4573
    0.8136    0.4600
    0.8169    0.4651
    0.8179    0.4668
    0.8209    0.4709
    0.8213    0.4710
    0.8226    0.4726
    0.8250    0.4738
    0.8263    0.4745
    0.8280    0.4765
    0.8304    0.4793
    0.8314    0.4813
    0.8334    0.4835
    0.8358    0.4846
    0.8368    0.4857
    0.8385    0.4881
    0.8402    0.4894
    0.8433    0.4920
    0.8440    0.4922
    0.8474    0.4953
    0.8481    0.4960
    0.8495    0.4967
    0.8502    0.4970
    0.8522    0.4992
    0.8578    0.5064
    0.8595    0.5074
    0.8616    0.5089
    0.8637    0.5112
    0.8689    0.5174
    0.8696    0.5178
    0.8756    0.5241
    0.8759    0.5242
    0.8773    0.5248
    0.8777    0.5255
    0.8837    0.5310
    0.8854    0.5326
    0.8865    0.5332
    0.8908    0.5363
    0.8915    0.5379
    0.8926    0.5395
    0.8929    0.5400
    0.8954    0.5435
    0.8965    0.5454
    0.8983    0.5465
    0.8997    0.5478
    0.9004    0.5489
    0.9019    0.5496
    0.9022    0.5498
    0.9037    0.5508
    0.9062    0.5536
    0.9066    0.5537
    0.9073    0.5540
    0.9077    0.5542
    0.9080    0.5542
    0.9098    0.5563
    0.9109    0.5577
    0.9120    0.5603
    0.9131    0.5621
    0.9138    0.5624
    0.9164    0.5643
    0.9215    0.5676
    0.9237    0.5679
    0.9241    0.5682
    0.9248    0.5694
    0.9266    0.5715
    0.9292    0.5757
    0.9307    0.5778
    0.9314    0.5790
    0.9337    0.5809
    0.9340    0.5811
    0.9381    0.5839
    0.9396    0.5859
    0.9407    0.5872
    0.9418    0.5879
    0.9448    0.5924
    0.9452    0.5925
    0.9501    0.5972
    0.9512    0.5982
    0.9516    0.5988
    0.9599    0.6083
    0.9603    0.6084
    0.9611    0.6097
    0.9664    0.6155
    0.9679    0.6181
    0.9695    0.6199
    0.9733    0.6243
    0.9745    0.6266
    0.9749    0.6266
    0.9752    0.6272
    0.9760    0.6284
    0.9764    0.6285
    0.9768    0.6288
    0.9799    0.6323
    0.9803    0.6325
    0.9814    0.6330
    0.9834    0.6355
    0.9853    0.6365
    0.9857    0.6367
    0.9865    0.6380
    0.9869    0.6390
    0.9880    0.6408
    0.9904    0.6442
    0.9912    0.6444
    0.9927    0.6468
    0.9943    0.6498
    0.9967    0.6519
    0.9971    0.6525
    0.9986    0.6538
    1.0010    0.6571
    1.0042    0.6591
    1.0070    0.6628
    1.0082    0.6649
    1.0094    0.6656
    1.0106    0.6670
    1.0134    0.6687
    1.0162    0.6708
    1.0178    0.6723
    1.0210    0.6749
    1.0214    0.6749
    1.0218    0.6751
    1.0230    0.6777
    1.0242    0.6807
    1.0279    0.6853
    1.0283    0.6854
    1.0287    0.6860
    1.0315    0.6885
    1.0324    0.6896
    1.0336    0.6906
    1.0352    0.6925
    1.0389    0.6976
    1.0406    0.6997
    1.0414    0.7011
    1.0439    0.7022
    1.0451    0.7037
    1.0455    0.7040
    1.0459    0.7041
    1.0476    0.7056
    1.0480    0.7056
    1.0513    0.7086
    1.0526    0.7097
    1.0559    0.7137
    1.0580    0.7165
    1.0584    0.7167
    1.0597    0.7189
    1.0610    0.7201
    1.0627    0.7213
    1.0639    0.7224
    1.0673    0.7265
    1.0715    0.7304
    1.0728    0.7322
    1.0733    0.7332
    1.0792    0.7387
    1.0814    0.7405
    1.0818    0.7406
    1.0835    0.7426
    1.0848    0.7436
    1.0853    0.7438
    1.0857    0.7439
    1.0879    0.7459
    1.0892    0.7469
    1.0896    0.7483
    1.0900    0.7483
    1.0905    0.7489
    1.0913    0.7491
    1.0922    0.7513
    1.0979    0.7611
    1.0983    0.7612
    1.0992    0.7626
    1.1001    0.7637
    1.1005    0.7639
    1.1010    0.7639
    1.1049    0.7711
    1.1085    0.7752
    1.1093    0.7770
    1.1102    0.7773
    1.1125    0.7823
    1.1160    0.7903
    1.1165    0.7906
    1.1169    0.7907
    1.1174    0.7909
    1.1187    0.7929
    1.1191    0.7935
    1.1232    0.7980
    1.1246    0.7995
    1.1250    0.7999
    1.1255    0.7999
    1.1259    0.8000
    1.1264    0.8008
    1.1282    0.8033
    1.1291    0.8036
    1.1323    0.8098
    1.1327    0.8101
    1.1332    0.8102
    1.1350    0.8127
    1.1414    0.8252
    1.1428    0.8275
    1.1437    0.8279
    1.1530    0.8410
    1.1534    0.8415
    1.1558    0.8437
    1.1562    0.8455
    1.1572    0.8468
    1.1586    0.8489
    1.1605    0.8524
    1.1628    0.8539
    1.1633    0.8541
    1.1642    0.8543
    1.1661    0.8571
    1.1675    0.8579
    1.1685    0.8584
    1.1690    0.8585
    1.1704    0.8617
    1.1723    0.8638
    1.1742    0.8662
    1.1747    0.8666
    1.1761    0.8693
    1.1776    0.8742
    1.1795    0.8785
    1.1819    0.8847
    1.1828    0.8860
    1.1862    0.8891
    1.1906    0.8948
    1.1916    0.8958
    1.1940    0.8974
    1.1955    0.8992
    1.1965    0.9001
    1.1969    0.9009
    1.1979    0.9033
    1.2024    0.9078
    1.2043    0.9096
    1.2058    0.9109
    1.2088    0.9125
    1.2113    0.9166
    1.2123    0.9179
    1.2133    0.9183
    1.2158    0.9227
    1.2163    0.9236
    1.2178    0.9259
    1.2183    0.9278
    1.2198    0.9300
    1.2208    0.9312
    1.2229    0.9340
    1.2244    0.9353
    1.2254    0.9374
    1.2264    0.9387
    1.2279    0.9420
    1.2305    0.9447
    1.2320    0.9496
    1.2325    0.9499
    1.2341    0.9526
    1.2361    0.9555
    1.2377    0.9571
    1.2397    0.9606
    1.2413    0.9621
    1.2423    0.9628
    1.2434    0.9635
    1.2455    0.9663
    1.2465    0.9689
    1.2475    0.9700
    1.2491    0.9722
    1.2517    0.9750
    1.2522    0.9807
    1.2528    0.9811
    1.2538    0.9829
    1.2575    0.9884
    1.2580    0.9900
    1.2596    0.9913
    1.2602    0.9922
    1.2612    0.9944
    1.2623    0.9982
    1.2628    0.9994
    1.2634    0.9998
    1.2660    1.0042
    1.2682    1.0056
    1.2698    1.0069
    1.2752    1.0154
    1.2757    1.0182
    1.2784    1.0239
    1.2811    1.0267
    1.2833    1.0303
    1.2844    1.0319
    1.2860    1.0332
    1.2871    1.0352
    1.2904    1.0409
    1.2932    1.0468
    1.2938    1.0476
    1.2943    1.0477
    1.2960    1.0496
    1.2982    1.0512
    1.2987    1.0524
    1.3055    1.0582
    1.3066    1.0594
    1.3100    1.0624
    1.3139    1.0719
    1.3156    1.0734
    1.3168    1.0739
    1.3179    1.0748
    1.3185    1.0767
    1.3196    1.0832
    1.3219    1.0864
    1.3242    1.0898
    1.3271    1.0923
    1.3312    1.1009
    1.3318    1.1012
    1.3323    1.1023
    1.3341    1.1051
    1.3353    1.1052
    1.3359    1.1056
    1.3364    1.1065
    1.3376    1.1082
    1.3388    1.1094
    1.3405    1.1148
    1.3423    1.1167
    1.3429    1.1172
    1.3470    1.1236
    1.3476    1.1249
    1.3482    1.1265
    1.3500    1.1296
    1.3506    1.1298
    1.3512    1.1300
    1.3524    1.1322
    1.3530    1.1328
    1.3548    1.1346
    1.3572    1.1373
    1.3590    1.1390
    1.3596    1.1428
    1.3608    1.1471
    1.3614    1.1478
    1.3620    1.1480
    1.3633    1.1502
    1.3657    1.1532
    1.3694    1.1588
    1.3712    1.1619
    1.3737    1.1651
    1.3749    1.1664
    1.3792    1.1723
    1.3805    1.1744
    1.3811    1.1746
    1.3823    1.1752
    1.3836    1.1774
    1.3848    1.1783
    1.3854    1.1783
    1.3861    1.1793
    1.3880    1.1814
    1.3886    1.1818
    1.3905    1.1837
    1.3911    1.1837
    1.3955    1.1921
    1.3968    1.1947
    1.3987    1.1983
    1.4013    1.2037
    1.4032    1.2054
    1.4038    1.2058
    1.4071    1.2087
    1.4129    1.2192
    1.4161    1.2275
    1.4201    1.2340
    1.4220    1.2387
    1.4234    1.2416
    1.4287    1.2518
    1.4300    1.2537
    1.4313    1.2573
    1.4327    1.2584
    1.4353    1.2636
    1.4360    1.2645
    1.4401    1.2675
    1.4421    1.2704
    1.4448    1.2727
    1.4455    1.2739
    1.4462    1.2764
    1.4469    1.2767
    1.4496    1.2859
    1.4503    1.2894
    1.4517    1.2934
    1.4544    1.2993
    1.4551    1.3003
    1.4558    1.3007
    1.4565    1.3018
    1.4572    1.3027
    1.4634    1.3108
    1.4648    1.3131
    1.4698    1.3210
    1.4740    1.3237
    1.4754    1.3241
    1.4762    1.3251
    1.4776    1.3322
    1.4783    1.3334
    1.4790    1.3340
    1.4797    1.3345
    1.4804    1.3351
    1.4840    1.3427
    1.4869    1.3459
    1.4884    1.3485
    1.4898    1.3508
    1.4913    1.3518
    1.4942    1.3555
    1.4964    1.3575
    1.5001    1.3674
    1.5038    1.3726
    1.5045    1.3728
    1.5053    1.3739
    1.5068    1.3751
    1.5075    1.3753
    1.5083    1.3756
    1.5098    1.3784
    1.5105    1.3797
    1.5128    1.3850
    1.5143    1.3867
    1.5150    1.3877
    1.5158    1.3880
    1.5173    1.3921
    1.5188    1.3963
    1.5234    1.4014
    1.5241    1.4028
    1.5249    1.4030
    1.5288    1.4062
    1.5311    1.4076
    1.5334    1.4108
    1.5342    1.4132
    1.5350    1.4135
    1.5357    1.4137
    1.5396    1.4250
    1.5404    1.4257
    1.5420    1.4306
    1.5428    1.4356
    1.5436    1.4367
    1.5460    1.4426
    1.5467    1.4435
    1.5515    1.4529
    1.5523    1.4531
    1.5547    1.4568
    1.5579    1.4640
    1.5587    1.4661
    1.5596    1.4684
    1.5620    1.4715
    1.5628    1.4744
    1.5636    1.4759
    1.5644    1.4763
    1.5652    1.4765
    1.5669    1.4795
    1.5685    1.4803
    1.5693    1.4807
    1.5710    1.4860
    1.5718    1.4869
    1.5751    1.4916
    1.5759    1.4937
    1.5768    1.4943
    1.5784    1.4999
    1.5793    1.5017
    1.5801    1.5027
    1.5818    1.5037
    1.5834    1.5065
    1.5843    1.5066
    1.5851    1.5076
    1.5911    1.5145
    1.5928    1.5181
    1.5936    1.5198
    1.5945    1.5223
    1.5953    1.5227
    1.5962    1.5247
    1.5970    1.5270
    1.5996    1.5314
    1.6013    1.5331
    1.6039    1.5339
    1.6057    1.5359
    1.6065    1.5362
    1.6083    1.5377
    1.6092    1.5423
    1.6109    1.5466
    1.6127    1.5507
    1.6135    1.5527
    1.6144    1.5542
    1.6153    1.5552
    1.6162    1.5568
    1.6180    1.5576
    1.6197    1.5632
    1.6224    1.5710
    1.6242    1.5746
    1.6251    1.5760
    1.6296    1.5850
    1.6305    1.5858
    1.6314    1.5863
    1.6323    1.5927
    1.6332    1.5927
    1.6342    1.5930
    1.6378    1.6003
    1.6387    1.6071
    1.6396    1.6077
    1.6415    1.6095
    1.6424    1.6125
    1.6443    1.6139
    1.6452    1.6145
    1.6461    1.6147
    1.6480    1.6159
    1.6517    1.6191
    1.6555    1.6280
    1.6593    1.6333
    1.6621    1.6363
    1.6631    1.6365
    1.6650    1.6405
    1.6679    1.6437
    1.6708    1.6582
    1.6717    1.6587
    1.6746    1.6609
    1.6786    1.6691
    1.6795    1.6694
    1.6805    1.6722
    1.6825    1.6732
    1.6835    1.6735
    1.6875    1.6822
    1.6904    1.6862
    1.6914    1.6884
    1.6925    1.6894
    1.6935    1.6896
    1.6955    1.6942
    1.6965    1.6980
    1.6995    1.7008
    1.7026    1.7045
    1.7036    1.7054
    1.7077    1.7118
    1.7087    1.7126
    1.7098    1.7153
    1.7108    1.7169
    1.7160    1.7407
    1.7181    1.7457
    1.7202    1.7485
    1.7213    1.7525
    1.7244    1.7534
    1.7255    1.7568
    1.7266    1.7588
    1.7287    1.7643
    1.7297    1.7652
    1.7308    1.7691
    1.7341    1.7732
    1.7351    1.7735
    1.7427    1.8010
    1.7438    1.8032
    1.7449    1.8037
    1.7460    1.8057
    1.7482    1.8149
    1.7493    1.8270
    1.7505    1.8290
    1.7516    1.8327
    1.7527    1.8388
    1.7538    1.8397
    1.7549    1.8419
    1.7560    1.8460
    1.7572    1.8479
    1.7583    1.8494
    1.7594    1.8504
    1.7605    1.8504
    1.7628    1.8550
    1.7639    1.8556
    1.7651    1.8579
    1.7662    1.8611
    1.7685    1.8637
    1.7696    1.8657
    1.7719    1.8730
    1.7731    1.8736
    1.7742    1.8747
    1.7754    1.8749
    1.7765    1.8751
    1.7777    1.8784
    1.7789    1.8805
    1.7801    1.8807
    1.7812    1.8954
    1.7824    1.8967
    1.7847    1.9065
    1.7871    1.9098
    1.7883    1.9128
    1.7895    1.9142
    1.7907    1.9180
    1.7919    1.9214
    1.7930    1.9228
    1.7943    1.9270
    1.7967    1.9361
    1.7979    1.9407
    1.7991    1.9479
    1.8003    1.9493
    1.8015    1.9552
    1.8027    1.9562
    1.8039    1.9574
    1.8064    1.9632
    1.8076    1.9652
    1.8088    1.9657
    1.8125    1.9770
    1.8138    1.9773
    1.8150    1.9785
    1.8163    1.9854
    1.8188    1.9888
    1.8213    1.9970
    1.8225    1.9977
    1.8238    1.9977
    1.8251    2.0017
    1.8263    2.0030
    1.8276    2.0113
    1.8289    2.0174
    1.8302    2.0202
    1.8327    2.0257
    1.8340    2.0261
    1.8353    2.0296
    1.8366    2.0308
    1.8379    2.0456
    1.8392    2.0461
    1.8418    2.0663
    1.8444    2.0728
    1.8457    2.0747
    1.8470    2.0791
    1.8497    2.0965
    1.8524    2.0999
    1.8537    2.1048
    1.8550    2.1108
    1.8564    2.1140
    1.8577    2.1164
    1.8591    2.1173
    1.8604    2.1236
    1.8618    2.1343
    1.8631    2.1350
    1.8645    2.1361
    1.8659    2.1365
    1.8672    2.1372
    1.8686    2.1374
    1.8700    2.1390
    1.8713    2.1494
    1.8727    2.1590
    1.8741    2.1644
    1.8755    2.1717
    1.8769    2.1758
    1.8783    2.1789
    1.8797    2.1804
    1.8811    2.1867
    1.8825    2.1881
    1.8839    2.1906
    1.8853    2.1907
    1.8867    2.1972
    1.8882    2.2079
    1.8896    2.2092
    1.8910    2.2245
    1.8925    2.2274
    1.8939    2.2301
    1.8953    2.2380
    1.8968    2.2398
    1.8983    2.2419
    1.8997    2.2419
    1.9012    2.2427
    1.9026    2.2451
    1.9041    2.2503
    1.9056    2.2538
    1.9070    2.2549
    1.9085    2.2585
    1.9100    2.2594
    1.9115    2.2628
    1.9130    2.2711
    1.9145    2.2722
    1.9160    2.2804
    1.9175    2.2865
    1.9190    2.2872
    1.9205    2.2903
    1.9220    2.2939
    1.9235    2.3052
    1.9251    2.3119
    1.9266    2.3133
    1.9281    2.3156
    1.9297    2.3228
    1.9312    2.3252
    1.9328    2.3283
    1.9343    2.3381
    1.9359    2.3387
    1.9375    2.3403
    1.9390    2.3417
    1.9406    2.3430
    1.9422    2.3518
    1.9438    2.3532
    1.9453    2.3570
    1.9469    2.3587
    1.9485    2.3672
    1.9501    2.3705
    1.9517    2.3713
    1.9534    2.3729
    1.9550    2.3745
    1.9566    2.3751
    1.9582    2.3777
    1.9599    2.3785
    1.9615    2.3840
    1.9631    2.3850
    1.9648    2.3886
    1.9664    2.4066
    1.9681    2.4068
    1.9698    2.4102
    1.9714    2.4123
    1.9731    2.4207
    1.9748    2.4242
    1.9765    2.4321
    1.9782    2.4359
    1.9799    2.4364
    1.9816    2.4395
    1.9833    2.4431
    1.9850    2.4432
    1.9867    2.4517
    1.9884    2.4661
    1.9902    2.4671
    1.9919    2.4692
    1.9937    2.4728
    1.9954    2.4745
    1.9972    2.4762
    1.9989    2.4767
    2.0007    2.4781
    2.0025    2.4835
    2.0043    2.4871
    2.0061    2.4878
    2.0079    2.4916
    2.0097    2.4938
    2.0115    2.4946
    2.0133    2.4973
    2.0151    2.5002
    2.0169    2.5095
    2.0188    2.5124
    2.0206    2.5149
    2.0225    2.5218
    2.0243    2.5292
    2.0262    2.5324
    2.0281    2.5326
    2.0299    2.5372
    2.0318    2.5381
    2.0337    2.5383
    2.0356    2.5395
    2.0375    2.5407
    2.0394    2.5443
    2.0414    2.5472
    2.0433    2.5519
    2.0452    2.5521
    2.0472    2.5535
    2.0491    2.5585
    2.0511    2.5616
    2.0531    2.5669
    2.0550    2.5706
    2.0570    2.5744
    2.0590    2.5806
    2.0610    2.5825
    2.0630    2.5859
    2.0650    2.5870
    2.0670    2.5905
    2.0691    2.5923
    2.0711    2.5981
    2.0732    2.6005
    2.0752    2.6013
    2.0773    2.6085
    2.0794    2.6148
    2.0815    2.6272
    2.0836    2.6276
    2.0857    2.6391
    2.0878    2.6439
    2.0899    2.6462
    2.0921    2.6519
    2.0942    2.6525
    2.0963    2.6647
    2.0985    2.6648
    2.1007    2.6673
    2.1029    2.6703
    2.1051    2.6839
    2.1073    2.6899
    2.1095    2.6993
    2.1117    2.7034
    2.1139    2.7037
    2.1162    2.7056
    2.1184    2.7231
    2.1207    2.7284
    2.1230    2.7336
    2.1253    2.7427
    2.1276    2.7476
    2.1299    2.7673
    2.1322    2.7677
    2.1345    2.7745
    2.1369    2.7765
    2.1392    2.7820
    2.1416    2.7929
    2.1440    2.7933
    2.1464    2.8058
    2.1488    2.8115
    2.1512    2.8154
    2.1536    2.8266
    2.1561    2.8388
    2.1585    2.8394
    2.1610    2.8510
    2.1635    2.8576
    2.1660    2.8629
    2.1685    2.8638
    2.1710    2.8761
    2.1735    2.8796
    2.1761    2.8853
    2.1787    2.9072
    2.1812    2.9076
    2.1838    2.9130
    2.1864    2.9131
    2.1891    2.9166
    2.1917    2.9323
    2.1944    2.9346
    2.1970    2.9360
    2.1997    2.9366
    2.2024    2.9583
    2.2051    2.9605
    2.2079    2.9744
    2.2106    2.9765
    2.2134    2.9797
    2.2162    2.9930
    2.2190    2.9958
    2.2218    2.9998
    2.2246    3.0067
    2.2275    3.0273
    2.2304    3.0294
    2.2333    3.0404
    2.2362    3.0441
    2.2391    3.0550
    2.2420    3.0559
    2.2450    3.0641
    2.2480    3.0686
    2.2510    3.0735
    2.2540    3.0808
    2.2571    3.0870
    2.2602    3.0874
    2.2633    3.0943
    2.2664    3.0949
    2.2695    3.1125
    2.2727    3.1132
    2.2759    3.1311
    2.2791    3.1319
    2.2823    3.1386
    2.2855    3.1570
    2.2888    3.1718
    2.2921    3.1723
    2.2955    3.1788
    2.2988    3.1849
    2.3022    3.1871
    2.3056    3.1879
    2.3090    3.1907
    2.3125    3.1910
    2.3160    3.1999
    2.3195    3.2028
    2.3230    3.2043
    2.3266    3.2100
    2.3302    3.2112
    2.3338    3.2148
    2.3375    3.2180
    2.3412    3.2492
    2.3450    3.2518
    2.3487    3.2564
    2.3525    3.2683
    2.3563    3.2723
    2.3602    3.2807
    2.3641    3.3003
    2.3681    3.3270
    2.3720    3.3305
    2.3760    3.3324
    2.3801    3.3345
    2.3842    3.3421
    2.3883    3.3844
    2.3925    3.3853
    2.3967    3.4062
    2.4010    3.4084
    2.4053    3.4246
    2.4096    3.4275
    2.4140    3.4424
    2.4184    3.4449
    2.4229    3.4501
    2.4275    3.4526
    2.4321    3.4624
    2.4367    3.4651
    2.4414    3.4896
    2.4461    3.4917
    2.4509    3.4981
    2.4558    3.5008
    2.4607    3.5154
    2.4657    3.5169
    2.4708    3.5185
    2.4759    3.5431
    2.4810    3.5694
    2.4863    3.5715
    2.4916    3.5824
    2.4969    3.5888
    2.5024    3.5989
    2.5079    3.6037
    2.5135    3.6132
    2.5192    3.6535
    2.5250    3.6943
    2.5308    3.7063
    2.5368    3.7116
    2.5428    3.7233
    2.5489    3.7315
    2.5551    3.7462
    2.5615    3.7588
    2.5679    3.7877
    2.5744    3.7956
    2.5811    3.8144
    2.5878    3.8200
    2.5947    3.8288
    2.6017    3.8396
    2.6089    3.8752
    2.6161    3.8822
    2.6235    3.8823
    2.6311    3.8916
    2.6388    3.8999
    2.6467    3.9357
    2.6547    3.9357
    2.6630    3.9422
    2.6714    3.9568
    2.6800    3.9610
    2.6888    3.9835
    2.6978    4.0139
    2.7070    4.0509
    2.7165    4.0537
    2.7262    4.1045
    2.7362    4.1092
    2.7464    4.1270
    2.7570    4.1346
    2.7679    4.1636
    2.7791    4.1685
    2.7907    4.1723
    2.8027    4.2528
    2.8151    4.3405
    2.8279    4.3436
    2.8412    4.3763
    2.8550    4.3837
    2.8695    4.4393
    2.8845    4.4465
    2.9002    4.4571
    2.9167    4.4896
    2.9339    4.4979
    2.9522    4.5502
    2.9714    4.5506
    2.9918    4.5788
    3.0136    4.6402
    3.0368    4.6415
    3.0619    4.6615
    3.0890    4.6635
    3.1187    4.6806
    3.1513    4.6902
    3.1877    4.7250
    3.2288    4.7545
    3.2763    4.7908
    3.3325    4.8152
    3.4019    4.8246
    3.4927    4.9072
    3.6271    4.9537
    3.9032    4.9843
&
@ s1 color 1
@ s1 linestyle 1
   -4.0000   -4.0000
    4.0000    4.0000
&
