@version 40102
@ title "Outliers on detector (horizontal rotation axis)"
@ subtitle "From dials.export"
@with G0
@  world xmin   -0.0502
@  world xmax    0.0502
@  world ymin   -0.0502
@  world ymax    0.0502
@  view xmin    0.0500
@  view xmax    0.6500
@  view ymin    0.1500
@  view ymax    0.9000
@  xaxis  tick on
@  xaxis  tick major    0.0502
@  xaxis  tick major grid on
@  xaxis  tick minor ticks 0
@  yaxis  tick on
@  yaxis  tick major    0.0502
@  yaxis  tick major grid on
@  yaxis  tick minor ticks 0
@  xaxis  ticklabel off
@  yaxis  ticklabel off
@  legend loctype world
@  legend x1     0.000
@  legend y1     0.000
@  legend color 1
@  legend vgap 2
@  legend hgap 1
@  legend length 1
@  legend font 4
@  legend char size 0.8
@  legend on
@G0 on
@  s0 type xy
@  s0  linestyle 1
@  s0  color   1
  0.0502   0.0000
  0.0501   0.0033
  0.0498   0.0066
  0.0493   0.0098
  0.0485   0.0130
  0.0476   0.0161
  0.0464   0.0192
  0.0451   0.0222
  0.0435   0.0251
  0.0418   0.0279
  0.0399   0.0306
  0.0378   0.0331
  0.0355   0.0355
  0.0331   0.0378
  0.0306   0.0399
  0.0279   0.0418
  0.0251   0.0435
  0.0222   0.0451
  0.0192   0.0464
  0.0161   0.0476
  0.0130   0.0485
  0.0098   0.0493
  0.0066   0.0498
  0.0033   0.0501
  0.0000   0.0502
 -0.0033   0.0501
 -0.0066   0.0498
 -0.0098   0.0493
 -0.0130   0.0485
 -0.0161   0.0476
 -0.0192   0.0464
 -0.0222   0.0451
 -0.0251   0.0435
 -0.0279   0.0418
 -0.0306   0.0399
 -0.0331   0.0378
 -0.0355   0.0355
 -0.0378   0.0331
 -0.0399   0.0306
 -0.0418   0.0279
 -0.0435   0.0251
 -0.0451   0.0222
 -0.0464   0.0192
 -0.0476   0.0161
 -0.0485   0.0130
 -0.0493   0.0098
 -0.0498   0.0066
 -0.0501   0.0033
 -0.0502   0.0000
 -0.0501  -0.0033
 -0.0498  -0.0066
 -0.0493  -0.0098
 -0.0485  -0.0130
 -0.0476  -0.0161
 -0.0464  -0.0192
 -0.0451  -0.0222
 -0.0435  -0.0251
 -0.0418  -0.0279
 -0.0399  -0.0306
 -0.0378  -0.0331
 -0.0355  -0.0355
 -0.0331  -0.0378
 -0.0306  -0.0399
 -0.0279  -0.0418
 -0.0251  -0.0435
 -0.0222  -0.0451
 -0.0192  -0.0464
 -0.0161  -0.0476
 -0.0130  -0.0485
 -0.0098  -0.0493
 -0.0066  -0.0498
 -0.0033  -0.0501
 -0.0000  -0.0502
  0.0033  -0.0501
  0.0066  -0.0498
  0.0098  -0.0493
  0.0130  -0.0485
  0.0161  -0.0476
  0.0192  -0.0464
  0.0222  -0.0451
  0.0251  -0.0435
  0.0279  -0.0418
  0.0306  -0.0399
  0.0331  -0.0378
  0.0355  -0.0355
  0.0378  -0.0331
  0.0399  -0.0306
  0.0418  -0.0279
  0.0435  -0.0251
  0.0451  -0.0222
  0.0464  -0.0192
  0.0476  -0.0161
  0.0485  -0.0130
  0.0493  -0.0098
  0.0498  -0.0066
  0.0501  -0.0033
  0.0502  -0.0000
&
@  s1 type xy
@  s1  linestyle 1
@  s1  color   2
@  legend string   1 "ice rings"
  0.0064   0.0000
  0.0064   0.0004
  0.0064   0.0008
  0.0063   0.0013
  0.0062   0.0017
  0.0061   0.0021
  0.0059   0.0025
  0.0058   0.0028
  0.0056   0.0032
  0.0054   0.0036
  0.0051   0.0039
  0.0048   0.0042
  0.0046   0.0046
  0.0042   0.0048
  0.0039   0.0051
  0.0036   0.0054
  0.0032   0.0056
  0.0028   0.0058
  0.0025   0.0059
  0.0021   0.0061
  0.0017   0.0062
  0.0013   0.0063
  0.0008   0.0064
  0.0004   0.0064
  0.0000   0.0064
 -0.0004   0.0064
 -0.0008   0.0064
 -0.0013   0.0063
 -0.0017   0.0062
 -0.0021   0.0061
 -0.0025   0.0059
 -0.0028   0.0058
 -0.0032   0.0056
 -0.0036   0.0054
 -0.0039   0.0051
 -0.0042   0.0048
 -0.0046   0.0046
 -0.0048   0.0042
 -0.0051   0.0039
 -0.0054   0.0036
 -0.0056   0.0032
 -0.0058   0.0028
 -0.0059   0.0025
 -0.0061   0.0021
 -0.0062   0.0017
 -0.0063   0.0013
 -0.0064   0.0008
 -0.0064   0.0004
 -0.0064   0.0000
 -0.0064  -0.0004
 -0.0064  -0.0008
 -0.0063  -0.0013
 -0.0062  -0.0017
 -0.0061  -0.0021
 -0.0059  -0.0025
 -0.0058  -0.0028
 -0.0056  -0.0032
 -0.0054  -0.0036
 -0.0051  -0.0039
 -0.0048  -0.0042
 -0.0046  -0.0046
 -0.0042  -0.0048
 -0.0039  -0.0051
 -0.0036  -0.0054
 -0.0032  -0.0056
 -0.0028  -0.0058
 -0.0025  -0.0059
 -0.0021  -0.0061
 -0.0017  -0.0062
 -0.0013  -0.0063
 -0.0008  -0.0064
 -0.0004  -0.0064
 -0.0000  -0.0064
  0.0004  -0.0064
  0.0008  -0.0064
  0.0013  -0.0063
  0.0017  -0.0062
  0.0021  -0.0061
  0.0025  -0.0059
  0.0028  -0.0058
  0.0032  -0.0056
  0.0036  -0.0054
  0.0039  -0.0051
  0.0042  -0.0048
  0.0046  -0.0046
  0.0048  -0.0042
  0.0051  -0.0039
  0.0054  -0.0036
  0.0056  -0.0032
  0.0058  -0.0028
  0.0059  -0.0025
  0.0061  -0.0021
  0.0062  -0.0017
  0.0063  -0.0013
  0.0064  -0.0008
  0.0064  -0.0004
  0.0064  -0.0000
&
@  s2 type xy
@  s2  linestyle 1
@  s2  color   2
  0.0068   0.0000
  0.0068   0.0004
  0.0068   0.0009
  0.0067   0.0013
  0.0066   0.0018
  0.0065   0.0022
  0.0063   0.0026
  0.0061   0.0030
  0.0059   0.0034
  0.0057   0.0038
  0.0054   0.0042
  0.0051   0.0045
  0.0048   0.0048
  0.0045   0.0051
  0.0042   0.0054
  0.0038   0.0057
  0.0034   0.0059
  0.0030   0.0061
  0.0026   0.0063
  0.0022   0.0065
  0.0018   0.0066
  0.0013   0.0067
  0.0009   0.0068
  0.0004   0.0068
  0.0000   0.0068
 -0.0004   0.0068
 -0.0009   0.0068
 -0.0013   0.0067
 -0.0018   0.0066
 -0.0022   0.0065
 -0.0026   0.0063
 -0.0030   0.0061
 -0.0034   0.0059
 -0.0038   0.0057
 -0.0042   0.0054
 -0.0045   0.0051
 -0.0048   0.0048
 -0.0051   0.0045
 -0.0054   0.0042
 -0.0057   0.0038
 -0.0059   0.0034
 -0.0061   0.0030
 -0.0063   0.0026
 -0.0065   0.0022
 -0.0066   0.0018
 -0.0067   0.0013
 -0.0068   0.0009
 -0.0068   0.0004
 -0.0068   0.0000
 -0.0068  -0.0004
 -0.0068  -0.0009
 -0.0067  -0.0013
 -0.0066  -0.0018
 -0.0065  -0.0022
 -0.0063  -0.0026
 -0.0061  -0.0030
 -0.0059  -0.0034
 -0.0057  -0.0038
 -0.0054  -0.0042
 -0.0051  -0.0045
 -0.0048  -0.0048
 -0.0045  -0.0051
 -0.0042  -0.0054
 -0.0038  -0.0057
 -0.0034  -0.0059
 -0.0030  -0.0061
 -0.0026  -0.0063
 -0.0022  -0.0065
 -0.0018  -0.0066
 -0.0013  -0.0067
 -0.0009  -0.0068
 -0.0004  -0.0068
 -0.0000  -0.0068
  0.0004  -0.0068
  0.0009  -0.0068
  0.0013  -0.0067
  0.0018  -0.0066
  0.0022  -0.0065
  0.0026  -0.0063
  0.0030  -0.0061
  0.0034  -0.0059
  0.0038  -0.0057
  0.0042  -0.0054
  0.0045  -0.0051
  0.0048  -0.0048
  0.0051  -0.0045
  0.0054  -0.0042
  0.0057  -0.0038
  0.0059  -0.0034
  0.0061  -0.0030
  0.0063  -0.0026
  0.0065  -0.0022
  0.0066  -0.0018
  0.0067  -0.0013
  0.0068  -0.0009
  0.0068  -0.0004
  0.0068  -0.0000
&
@  s3 type xy
@  s3  linestyle 1
@  s3  color   2
  0.0073   0.0000
  0.0073   0.0005
  0.0072   0.0010
  0.0072   0.0014
  0.0070   0.0019
  0.0069   0.0023
  0.0067   0.0028
  0.0065   0.0032
  0.0063   0.0036
  0.0061   0.0041
  0.0058   0.0044
  0.0055   0.0048
  0.0052   0.0052
  0.0048   0.0055
  0.0044   0.0058
  0.0041   0.0061
  0.0036   0.0063
  0.0032   0.0065
  0.0028   0.0067
  0.0023   0.0069
  0.0019   0.0070
  0.0014   0.0072
  0.0010   0.0072
  0.0005   0.0073
  0.0000   0.0073
 -0.0005   0.0073
 -0.0010   0.0072
 -0.0014   0.0072
 -0.0019   0.0070
 -0.0023   0.0069
 -0.0028   0.0067
 -0.0032   0.0065
 -0.0036   0.0063
 -0.0041   0.0061
 -0.0044   0.0058
 -0.0048   0.0055
 -0.0052   0.0052
 -0.0055   0.0048
 -0.0058   0.0044
 -0.0061   0.0041
 -0.0063   0.0036
 -0.0065   0.0032
 -0.0067   0.0028
 -0.0069   0.0023
 -0.0070   0.0019
 -0.0072   0.0014
 -0.0072   0.0010
 -0.0073   0.0005
 -0.0073   0.0000
 -0.0073  -0.0005
 -0.0072  -0.0010
 -0.0072  -0.0014
 -0.0070  -0.0019
 -0.0069  -0.0023
 -0.0067  -0.0028
 -0.0065  -0.0032
 -0.0063  -0.0036
 -0.0061  -0.0041
 -0.0058  -0.0044
 -0.0055  -0.0048
 -0.0052  -0.0052
 -0.0048  -0.0055
 -0.0044  -0.0058
 -0.0041  -0.0061
 -0.0036  -0.0063
 -0.0032  -0.0065
 -0.0028  -0.0067
 -0.0023  -0.0069
 -0.0019  -0.0070
 -0.0014  -0.0072
 -0.0010  -0.0072
 -0.0005  -0.0073
 -0.0000  -0.0073
  0.0005  -0.0073
  0.0010  -0.0072
  0.0014  -0.0072
  0.0019  -0.0070
  0.0023  -0.0069
  0.0028  -0.0067
  0.0032  -0.0065
  0.0036  -0.0063
  0.0041  -0.0061
  0.0044  -0.0058
  0.0048  -0.0055
  0.0052  -0.0052
  0.0055  -0.0048
  0.0058  -0.0044
  0.0061  -0.0041
  0.0063  -0.0036
  0.0065  -0.0032
  0.0067  -0.0028
  0.0069  -0.0023
  0.0070  -0.0019
  0.0072  -0.0014
  0.0072  -0.0010
  0.0073  -0.0005
  0.0073  -0.0000
&
@  s4 type xy
@  s4  linestyle 1
@  s4  color   2
  0.0094   0.0000
  0.0094   0.0006
  0.0093   0.0012
  0.0092   0.0018
  0.0091   0.0024
  0.0089   0.0030
  0.0087   0.0036
  0.0084   0.0042
  0.0081   0.0047
  0.0078   0.0052
  0.0075   0.0057
  0.0071   0.0062
  0.0066   0.0066
  0.0062   0.0071
  0.0057   0.0075
  0.0052   0.0078
  0.0047   0.0081
  0.0042   0.0084
  0.0036   0.0087
  0.0030   0.0089
  0.0024   0.0091
  0.0018   0.0092
  0.0012   0.0093
  0.0006   0.0094
  0.0000   0.0094
 -0.0006   0.0094
 -0.0012   0.0093
 -0.0018   0.0092
 -0.0024   0.0091
 -0.0030   0.0089
 -0.0036   0.0087
 -0.0042   0.0084
 -0.0047   0.0081
 -0.0052   0.0078
 -0.0057   0.0075
 -0.0062   0.0071
 -0.0066   0.0066
 -0.0071   0.0062
 -0.0075   0.0057
 -0.0078   0.0052
 -0.0081   0.0047
 -0.0084   0.0042
 -0.0087   0.0036
 -0.0089   0.0030
 -0.0091   0.0024
 -0.0092   0.0018
 -0.0093   0.0012
 -0.0094   0.0006
 -0.0094   0.0000
 -0.0094  -0.0006
 -0.0093  -0.0012
 -0.0092  -0.0018
 -0.0091  -0.0024
 -0.0089  -0.0030
 -0.0087  -0.0036
 -0.0084  -0.0042
 -0.0081  -0.0047
 -0.0078  -0.0052
 -0.0075  -0.0057
 -0.0071  -0.0062
 -0.0066  -0.0066
 -0.0062  -0.0071
 -0.0057  -0.0075
 -0.0052  -0.0078
 -0.0047  -0.0081
 -0.0042  -0.0084
 -0.0036  -0.0087
 -0.0030  -0.0089
 -0.0024  -0.0091
 -0.0018  -0.0092
 -0.0012  -0.0093
 -0.0006  -0.0094
 -0.0000  -0.0094
  0.0006  -0.0094
  0.0012  -0.0093
  0.0018  -0.0092
  0.0024  -0.0091
  0.0030  -0.0089
  0.0036  -0.0087
  0.0042  -0.0084
  0.0047  -0.0081
  0.0052  -0.0078
  0.0057  -0.0075
  0.0062  -0.0071
  0.0066  -0.0066
  0.0071  -0.0062
  0.0075  -0.0057
  0.0078  -0.0052
  0.0081  -0.0047
  0.0084  -0.0042
  0.0087  -0.0036
  0.0089  -0.0030
  0.0091  -0.0024
  0.0092  -0.0018
  0.0093  -0.0012
  0.0094  -0.0006
  0.0094  -0.0000
&
@  s5 type xy
@  s5  linestyle 1
@  s5  color   2
  0.0112   0.0000
  0.0111   0.0007
  0.0111   0.0015
  0.0109   0.0022
  0.0108   0.0029
  0.0106   0.0036
  0.0103   0.0043
  0.0100   0.0049
  0.0097   0.0056
  0.0093   0.0062
  0.0089   0.0068
  0.0084   0.0074
  0.0079   0.0079
  0.0074   0.0084
  0.0068   0.0089
  0.0062   0.0093
  0.0056   0.0097
  0.0049   0.0100
  0.0043   0.0103
  0.0036   0.0106
  0.0029   0.0108
  0.0022   0.0109
  0.0015   0.0111
  0.0007   0.0111
  0.0000   0.0112
 -0.0007   0.0111
 -0.0015   0.0111
 -0.0022   0.0109
 -0.0029   0.0108
 -0.0036   0.0106
 -0.0043   0.0103
 -0.0049   0.0100
 -0.0056   0.0097
 -0.0062   0.0093
 -0.0068   0.0089
 -0.0074   0.0084
 -0.0079   0.0079
 -0.0084   0.0074
 -0.0089   0.0068
 -0.0093   0.0062
 -0.0097   0.0056
 -0.0100   0.0049
 -0.0103   0.0043
 -0.0106   0.0036
 -0.0108   0.0029
 -0.0109   0.0022
 -0.0111   0.0015
 -0.0111   0.0007
 -0.0112   0.0000
 -0.0111  -0.0007
 -0.0111  -0.0015
 -0.0109  -0.0022
 -0.0108  -0.0029
 -0.0106  -0.0036
 -0.0103  -0.0043
 -0.0100  -0.0049
 -0.0097  -0.0056
 -0.0093  -0.0062
 -0.0089  -0.0068
 -0.0084  -0.0074
 -0.0079  -0.0079
 -0.0074  -0.0084
 -0.0068  -0.0089
 -0.0062  -0.0093
 -0.0056  -0.0097
 -0.0049  -0.0100
 -0.0043  -0.0103
 -0.0036  -0.0106
 -0.0029  -0.0108
 -0.0022  -0.0109
 -0.0015  -0.0111
 -0.0007  -0.0111
 -0.0000  -0.0112
  0.0007  -0.0111
  0.0015  -0.0111
  0.0022  -0.0109
  0.0029  -0.0108
  0.0036  -0.0106
  0.0043  -0.0103
  0.0049  -0.0100
  0.0056  -0.0097
  0.0062  -0.0093
  0.0068  -0.0089
  0.0074  -0.0084
  0.0079  -0.0079
  0.0084  -0.0074
  0.0089  -0.0068
  0.0093  -0.0062
  0.0097  -0.0056
  0.0100  -0.0049
  0.0103  -0.0043
  0.0106  -0.0036
  0.0108  -0.0029
  0.0109  -0.0022
  0.0111  -0.0015
  0.0111  -0.0007
  0.0112  -0.0000
&
@  s6 type xy
@  s6  linestyle 1
@  s6  color   2
  0.0121   0.0000
  0.0120   0.0008
  0.0120   0.0016
  0.0118   0.0024
  0.0117   0.0031
  0.0114   0.0039
  0.0111   0.0046
  0.0108   0.0053
  0.0105   0.0060
  0.0100   0.0067
  0.0096   0.0073
  0.0091   0.0080
  0.0085   0.0085
  0.0080   0.0091
  0.0073   0.0096
  0.0067   0.0100
  0.0060   0.0105
  0.0053   0.0108
  0.0046   0.0111
  0.0039   0.0114
  0.0031   0.0117
  0.0024   0.0118
  0.0016   0.0120
  0.0008   0.0120
  0.0000   0.0121
 -0.0008   0.0120
 -0.0016   0.0120
 -0.0024   0.0118
 -0.0031   0.0117
 -0.0039   0.0114
 -0.0046   0.0111
 -0.0053   0.0108
 -0.0060   0.0105
 -0.0067   0.0100
 -0.0073   0.0096
 -0.0080   0.0091
 -0.0085   0.0085
 -0.0091   0.0080
 -0.0096   0.0073
 -0.0100   0.0067
 -0.0105   0.0060
 -0.0108   0.0053
 -0.0111   0.0046
 -0.0114   0.0039
 -0.0117   0.0031
 -0.0118   0.0024
 -0.0120   0.0016
 -0.0120   0.0008
 -0.0121   0.0000
 -0.0120  -0.0008
 -0.0120  -0.0016
 -0.0118  -0.0024
 -0.0117  -0.0031
 -0.0114  -0.0039
 -0.0111  -0.0046
 -0.0108  -0.0053
 -0.0105  -0.0060
 -0.0100  -0.0067
 -0.0096  -0.0073
 -0.0091  -0.0080
 -0.0085  -0.0085
 -0.0080  -0.0091
 -0.0073  -0.0096
 -0.0067  -0.0100
 -0.0060  -0.0105
 -0.0053  -0.0108
 -0.0046  -0.0111
 -0.0039  -0.0114
 -0.0031  -0.0117
 -0.0024  -0.0118
 -0.0016  -0.0120
 -0.0008  -0.0120
 -0.0000  -0.0121
  0.0008  -0.0120
  0.0016  -0.0120
  0.0024  -0.0118
  0.0031  -0.0117
  0.0039  -0.0114
  0.0046  -0.0111
  0.0053  -0.0108
  0.0060  -0.0105
  0.0067  -0.0100
  0.0073  -0.0096
  0.0080  -0.0091
  0.0085  -0.0085
  0.0091  -0.0080
  0.0096  -0.0073
  0.0100  -0.0067
  0.0105  -0.0060
  0.0108  -0.0053
  0.0111  -0.0046
  0.0114  -0.0039
  0.0117  -0.0031
  0.0118  -0.0024
  0.0120  -0.0016
  0.0120  -0.0008
  0.0121  -0.0000
&
@  s7 type xy
@  s7  linestyle 1
@  s7  color   2
  0.0129   0.0000
  0.0128   0.0008
  0.0128   0.0017
  0.0126   0.0025
  0.0124   0.0033
  0.0122   0.0041
  0.0119   0.0049
  0.0115   0.0057
  0.0111   0.0064
  0.0107   0.0072
  0.0102   0.0078
  0.0097   0.0085
  0.0091   0.0091
  0.0085   0.0097
  0.0078   0.0102
  0.0072   0.0107
  0.0064   0.0111
  0.0057   0.0115
  0.0049   0.0119
  0.0041   0.0122
  0.0033   0.0124
  0.0025   0.0126
  0.0017   0.0128
  0.0008   0.0128
  0.0000   0.0129
 -0.0008   0.0128
 -0.0017   0.0128
 -0.0025   0.0126
 -0.0033   0.0124
 -0.0041   0.0122
 -0.0049   0.0119
 -0.0057   0.0115
 -0.0064   0.0111
 -0.0072   0.0107
 -0.0078   0.0102
 -0.0085   0.0097
 -0.0091   0.0091
 -0.0097   0.0085
 -0.0102   0.0078
 -0.0107   0.0072
 -0.0111   0.0064
 -0.0115   0.0057
 -0.0119   0.0049
 -0.0122   0.0041
 -0.0124   0.0033
 -0.0126   0.0025
 -0.0128   0.0017
 -0.0128   0.0008
 -0.0129   0.0000
 -0.0128  -0.0008
 -0.0128  -0.0017
 -0.0126  -0.0025
 -0.0124  -0.0033
 -0.0122  -0.0041
 -0.0119  -0.0049
 -0.0115  -0.0057
 -0.0111  -0.0064
 -0.0107  -0.0072
 -0.0102  -0.0078
 -0.0097  -0.0085
 -0.0091  -0.0091
 -0.0085  -0.0097
 -0.0078  -0.0102
 -0.0072  -0.0107
 -0.0064  -0.0111
 -0.0057  -0.0115
 -0.0049  -0.0119
 -0.0041  -0.0122
 -0.0033  -0.0124
 -0.0025  -0.0126
 -0.0017  -0.0128
 -0.0008  -0.0128
 -0.0000  -0.0129
  0.0008  -0.0128
  0.0017  -0.0128
  0.0025  -0.0126
  0.0033  -0.0124
  0.0041  -0.0122
  0.0049  -0.0119
  0.0057  -0.0115
  0.0064  -0.0111
  0.0072  -0.0107
  0.0078  -0.0102
  0.0085  -0.0097
  0.0091  -0.0091
  0.0097  -0.0085
  0.0102  -0.0078
  0.0107  -0.0072
  0.0111  -0.0064
  0.0115  -0.0057
  0.0119  -0.0049
  0.0122  -0.0041
  0.0124  -0.0033
  0.0126  -0.0025
  0.0128  -0.0017
  0.0128  -0.0008
  0.0129  -0.0000
&
@  s8 type xy
@  s8  linestyle 1
@  s8  color   2
  0.0131   0.0000
  0.0130   0.0009
  0.0130   0.0017
  0.0128   0.0026
  0.0126   0.0034
  0.0124   0.0042
  0.0121   0.0050
  0.0117   0.0058
  0.0113   0.0065
  0.0109   0.0073
  0.0104   0.0080
  0.0098   0.0086
  0.0092   0.0092
  0.0086   0.0098
  0.0080   0.0104
  0.0073   0.0109
  0.0065   0.0113
  0.0058   0.0117
  0.0050   0.0121
  0.0042   0.0124
  0.0034   0.0126
  0.0026   0.0128
  0.0017   0.0130
  0.0009   0.0130
  0.0000   0.0131
 -0.0009   0.0130
 -0.0017   0.0130
 -0.0026   0.0128
 -0.0034   0.0126
 -0.0042   0.0124
 -0.0050   0.0121
 -0.0058   0.0117
 -0.0065   0.0113
 -0.0073   0.0109
 -0.0080   0.0104
 -0.0086   0.0098
 -0.0092   0.0092
 -0.0098   0.0086
 -0.0104   0.0080
 -0.0109   0.0073
 -0.0113   0.0065
 -0.0117   0.0058
 -0.0121   0.0050
 -0.0124   0.0042
 -0.0126   0.0034
 -0.0128   0.0026
 -0.0130   0.0017
 -0.0130   0.0009
 -0.0131   0.0000
 -0.0130  -0.0009
 -0.0130  -0.0017
 -0.0128  -0.0026
 -0.0126  -0.0034
 -0.0124  -0.0042
 -0.0121  -0.0050
 -0.0117  -0.0058
 -0.0113  -0.0065
 -0.0109  -0.0073
 -0.0104  -0.0080
 -0.0098  -0.0086
 -0.0092  -0.0092
 -0.0086  -0.0098
 -0.0080  -0.0104
 -0.0073  -0.0109
 -0.0065  -0.0113
 -0.0058  -0.0117
 -0.0050  -0.0121
 -0.0042  -0.0124
 -0.0034  -0.0126
 -0.0026  -0.0128
 -0.0017  -0.0130
 -0.0009  -0.0130
 -0.0000  -0.0131
  0.0009  -0.0130
  0.0017  -0.0130
  0.0026  -0.0128
  0.0034  -0.0126
  0.0042  -0.0124
  0.0050  -0.0121
  0.0058  -0.0117
  0.0065  -0.0113
  0.0073  -0.0109
  0.0080  -0.0104
  0.0086  -0.0098
  0.0092  -0.0092
  0.0098  -0.0086
  0.0104  -0.0080
  0.0109  -0.0073
  0.0113  -0.0065
  0.0117  -0.0058
  0.0121  -0.0050
  0.0124  -0.0042
  0.0126  -0.0034
  0.0128  -0.0026
  0.0130  -0.0017
  0.0130  -0.0009
  0.0131  -0.0000
&
@  s9 type xy
@  s9  linestyle 1
@  s9  color   2
  0.0133   0.0000
  0.0133   0.0009
  0.0132   0.0017
  0.0130   0.0026
  0.0128   0.0034
  0.0126   0.0043
  0.0123   0.0051
  0.0119   0.0059
  0.0115   0.0066
  0.0110   0.0074
  0.0105   0.0081
  0.0100   0.0088
  0.0094   0.0094
  0.0088   0.0100
  0.0081   0.0105
  0.0074   0.0110
  0.0066   0.0115
  0.0059   0.0119
  0.0051   0.0123
  0.0043   0.0126
  0.0034   0.0128
  0.0026   0.0130
  0.0017   0.0132
  0.0009   0.0133
  0.0000   0.0133
 -0.0009   0.0133
 -0.0017   0.0132
 -0.0026   0.0130
 -0.0034   0.0128
 -0.0043   0.0126
 -0.0051   0.0123
 -0.0059   0.0119
 -0.0066   0.0115
 -0.0074   0.0110
 -0.0081   0.0105
 -0.0088   0.0100
 -0.0094   0.0094
 -0.0100   0.0088
 -0.0105   0.0081
 -0.0110   0.0074
 -0.0115   0.0066
 -0.0119   0.0059
 -0.0123   0.0051
 -0.0126   0.0043
 -0.0128   0.0034
 -0.0130   0.0026
 -0.0132   0.0017
 -0.0133   0.0009
 -0.0133   0.0000
 -0.0133  -0.0009
 -0.0132  -0.0017
 -0.0130  -0.0026
 -0.0128  -0.0034
 -0.0126  -0.0043
 -0.0123  -0.0051
 -0.0119  -0.0059
 -0.0115  -0.0066
 -0.0110  -0.0074
 -0.0105  -0.0081
 -0.0100  -0.0088
 -0.0094  -0.0094
 -0.0088  -0.0100
 -0.0081  -0.0105
 -0.0074  -0.0110
 -0.0066  -0.0115
 -0.0059  -0.0119
 -0.0051  -0.0123
 -0.0043  -0.0126
 -0.0034  -0.0128
 -0.0026  -0.0130
 -0.0017  -0.0132
 -0.0009  -0.0133
 -0.0000  -0.0133
  0.0009  -0.0133
  0.0017  -0.0132
  0.0026  -0.0130
  0.0034  -0.0128
  0.0043  -0.0126
  0.0051  -0.0123
  0.0059  -0.0119
  0.0066  -0.0115
  0.0074  -0.0110
  0.0081  -0.0105
  0.0088  -0.0100
  0.0094  -0.0094
  0.0100  -0.0088
  0.0105  -0.0081
  0.0110  -0.0074
  0.0115  -0.0066
  0.0119  -0.0059
  0.0123  -0.0051
  0.0126  -0.0043
  0.0128  -0.0034
  0.0130  -0.0026
  0.0132  -0.0017
  0.0133  -0.0009
  0.0133  -0.0000
&
@  s10 type xy
@  s10  linestyle 1
@  s10  color   2
  0.0146   0.0000
  0.0145   0.0010
  0.0144   0.0019
  0.0143   0.0028
  0.0141   0.0038
  0.0138   0.0047
  0.0134   0.0056
  0.0131   0.0064
  0.0126   0.0073
  0.0121   0.0081
  0.0115   0.0089
  0.0109   0.0096
  0.0103   0.0103
  0.0096   0.0109
  0.0089   0.0115
  0.0081   0.0121
  0.0073   0.0126
  0.0064   0.0131
  0.0056   0.0134
  0.0047   0.0138
  0.0038   0.0141
  0.0028   0.0143
  0.0019   0.0144
  0.0010   0.0145
  0.0000   0.0146
 -0.0010   0.0145
 -0.0019   0.0144
 -0.0028   0.0143
 -0.0038   0.0141
 -0.0047   0.0138
 -0.0056   0.0134
 -0.0064   0.0131
 -0.0073   0.0126
 -0.0081   0.0121
 -0.0089   0.0115
 -0.0096   0.0109
 -0.0103   0.0103
 -0.0109   0.0096
 -0.0115   0.0089
 -0.0121   0.0081
 -0.0126   0.0073
 -0.0131   0.0064
 -0.0134   0.0056
 -0.0138   0.0047
 -0.0141   0.0038
 -0.0143   0.0028
 -0.0144   0.0019
 -0.0145   0.0010
 -0.0146   0.0000
 -0.0145  -0.0010
 -0.0144  -0.0019
 -0.0143  -0.0028
 -0.0141  -0.0038
 -0.0138  -0.0047
 -0.0134  -0.0056
 -0.0131  -0.0064
 -0.0126  -0.0073
 -0.0121  -0.0081
 -0.0115  -0.0089
 -0.0109  -0.0096
 -0.0103  -0.0103
 -0.0096  -0.0109
 -0.0089  -0.0115
 -0.0081  -0.0121
 -0.0073  -0.0126
 -0.0064  -0.0131
 -0.0056  -0.0134
 -0.0047  -0.0138
 -0.0038  -0.0141
 -0.0028  -0.0143
 -0.0019  -0.0144
 -0.0010  -0.0145
 -0.0000  -0.0146
  0.0010  -0.0145
  0.0019  -0.0144
  0.0028  -0.0143
  0.0038  -0.0141
  0.0047  -0.0138
  0.0056  -0.0134
  0.0064  -0.0131
  0.0073  -0.0126
  0.0081  -0.0121
  0.0089  -0.0115
  0.0096  -0.0109
  0.0103  -0.0103
  0.0109  -0.0096
  0.0115  -0.0089
  0.0121  -0.0081
  0.0126  -0.0073
  0.0131  -0.0064
  0.0134  -0.0056
  0.0138  -0.0047
  0.0141  -0.0038
  0.0143  -0.0028
  0.0144  -0.0019
  0.0145  -0.0010
  0.0146  -0.0000
&
@  s11 type xy
@  s11  linestyle 1
@  s11  color   1
 -0.0502   0.0000
  0.0502   0.0000
&
@  s12 type xy
@  s12  linestyle 1
@  s12  color   1
  0.0000  -0.0502
  0.0000   0.0502
&
@  s13 type xy
@  s13  symbol size   -0.2500
@  s13  symbol fill  1
@  s13  symbol 2
@  s13  symbol color   1
@  s13  linestyle 0
@  s13  color   1
@  legend string  13 "Outlier"
    0.0108    -0.0230
    0.0050     0.0131
   -0.0081    -0.0151
   -0.0061    -0.0177
    0.0061     0.0174
   -0.0207    -0.0055
   -0.0195     0.0112
    0.0195    -0.0116
   -0.0179     0.0126
    0.0179    -0.0130
    0.0046     0.0182
    0.0040     0.0200
   -0.0235     0.0098
    0.0112    -0.0163
   -0.0192     0.0138
    0.0192    -0.0142
   -0.0291     0.0097
   -0.0320     0.0260
   -0.0125    -0.0365
   -0.0122     0.0351
   -0.0103     0.0203
   -0.0167     0.0020
   -0.0038     0.0124
    0.0172    -0.0001
   -0.0172    -0.0001
    0.0278    -0.0069
   -0.0201    -0.0187
    0.0337    -0.0159
   -0.0254    -0.0023
   -0.0298    -0.0024
   -0.0054     0.0195
    0.0054    -0.0200
   -0.0253     0.0076
   -0.0276     0.0075
   -0.0301     0.0078
    0.0117     0.0266
    0.0368    -0.0062
   -0.0338     0.0126
    0.0180    -0.0257
   -0.0025    -0.0380
    0.0321    -0.0099
    0.0435    -0.0149
   -0.0428     0.0045
&
