The ROGUES file contains all monitored outliers, including unrejected outliers measured twice
Rej = '*', '@' for I+- rejects, '#' for Emax rejects, 'x' for accepted flagged observation,
   'd' for deviant but kept, '$' for >Emax but kept because most observations are large
Flag is taken from the Mosflm FLAG column or XDS MISFIT
TotFrc = total fraction, fulls (f) or partials (p), Bijv I+ or I- for Bijvoet classes
DelI/sd = (Ihl - Mn(I)others)/sqrt[sd(Ihl)**2 + sd(Mn(I))**2]

Flagged observations kept are labelled as: B BGratio; P PKratio; N TooNeg; G BGgradient; O Overload; E Edge; X XDS MISFIT
Deviant reflections with two measurements are always listed. Policy for deviant reflections measured twice: KEEP

   h   k   l     h   k   l  Batch      I  sigI    E  TotFrc Bijv  Scale DelI/sd d(A)   Xdet   Ydet    Phi   LP   Rej Flag
   (measured)     (unique)

 -15   0  -3     0  15   3   427      20    68  0.38   0.0f   I+  1.353   -2.4  0.79  167.3  133.3   21.5 0.0317         
  15   0   3     0  15   3   443      84    69  0.77   0.0f   I-  1.397   -1.2  0.79  330.1  388.1   23.3 0.0317         
  15  -3   0     0  15   3   488     726    91  2.25   0.0f   I+  1.625    0.0  0.79  295.2  406.0   28.8 0.0297  *       
 -15   3   0     0  15   3   472     144    73  1.00   0.0f   I-  1.535   -0.0  0.79  202.6  115.6   26.8 0.0297         
 -15  -3   0     0  15   3   552     362    90  1.58   0.0f   I+  1.741    3.0  0.79  155.7  142.2   36.4 0.0319         
              Weighted mean, sd      127    37  I+       144    54  I-       113    50

   2   6   6     2   6   6   189      47    51  0.37   0.0f   I+  1.148    0.0  1.38  333.1  249.1   -7.3 0.0096         
  -2  -6  -6     2   6   6   164      39    51  0.33   0.0f   I-  1.139   -0.2  1.38  165.4  274.1   -9.2 0.0096         
  -6  -2  -6     2   6   6   227      13    53  0.20   0.0f   I+  1.121   -0.7  1.38  175.9  218.7   -2.5 0.0170         
   6   2   6     2   6   6   236      13    53  0.19   0.0f   I-  1.115   -0.7  1.38  322.0  304.3   -1.4 0.0170         
  -6   2  -6     2   6   6   131      21    53  0.24   0.0f   I+  1.073   -0.5  1.38  199.2  191.4  -13.9 0.0181         
   6  -2   6     2   6   6   140      26    53  0.27   0.0f   I-  1.089   -0.4  1.38  298.8  331.2  -12.9 0.0181         
   6  -6  -2     2   6   6   467      54    53  0.39   0.0f   I+  1.306    0.2  1.38  223.3  344.5   26.1 0.0099         
  -6   6   2     2   6   6   449     423    56  1.10   0.0f   I-  1.238    0.0  1.38  275.3  177.4   24.2 0.0099  *       
  -6  -6  -2     2   6   6   557      59    57  0.41   0.0f   I+  1.492    0.2  1.38  167.4  239.1   37.1 0.0148         
  -6   6  -2     2   6   6   180      55    54  0.40   0.0f   I+  1.146    0.2  1.38  251.7  174.3   -8.3 0.0137         
   6  -6   2     2   6   6   192     140    55  0.63   0.0f   I-  1.148    1.8  1.38  246.6  348.6   -6.9 0.0137         
              Weighted mean, sd       46    17  I+        41    22  I-        53    26

   2   8   6     2   8   6   283     249   206  0.85   0.0f   I+  1.202   -0.6  1.18  345.8  236.2    4.2 0.0092         
  -2  -8  -6     2   8   6   260     310   207  0.95   0.0f   I-  1.136   -0.3  1.18  152.3  286.8    1.3 0.0092         
  -8  -2  -6     2   8   6   281     245   208  0.85   0.0f   I+  1.193   -0.6  1.18  167.7  203.1    3.9 0.0205         
   8   2   6     2   8   6   291     289   209  0.92   0.0f   I-  1.236   -0.4  1.18  330.1  319.7    5.2 0.0205         
  -2  -6  -8     2   8   6    69     358   207  1.02   0.0f   I+  1.152   -0.1  1.18  149.4  267.8  -21.4 0.0126         
   2   6   8     2   8   6    87    1011   211  1.72   0.0f   I-  1.083    3.2  1.18  348.7  255.4  -19.3 0.0126         
  -6   2  -8     2   8   6    78     356   209  1.02   0.0f   I+  1.123   -0.1  1.18  183.2  184.8  -20.5 0.0212         
   6  -2   8     2   8   6    88     390   208  1.07   0.0f   I-  1.079    0.1  1.18  314.3  337.9  -19.2 0.0212         
   8  -6  -2     2   8   6   484     369   209  1.04   0.0f   I+  1.424   -0.0  1.18  232.6  362.1   28.3 0.0139         
  -8   6   2     2   8   6   468     255   208  0.86   0.0f   I-  1.352   -0.6  1.18  265.9  160.0   26.5 0.0139         
  -8   6  -2     2   8   6   253     409   209  1.09   0.0f   I+  1.133    0.2  1.18  244.4  159.2    0.6 0.0171         
   8  -6   2     2   8   6   266     437   209  1.13   0.0f   I-  1.144    0.3  1.18  254.0  363.4    2.1 0.0171         
   6  -8   2     2   8   6   135     351   208  1.01   0.0f   I+  1.100   -0.1  1.18  235.4  362.8  -13.7 0.0144         
  -6   8  -2     2   8   6   120     377   208  1.05   0.0f   I-  1.066    0.0  1.18  262.6  159.7  -15.5 0.0144         
  -6   8   2     2   8   6   359     430   207  1.12   0.0f   I+  1.201    0.3  1.18  289.7  167.3   13.1 0.0096         
   6  -8  -2     2   8   6   382    2169   223  2.52   0.0f   I-  1.311    0.0  1.18  208.8  355.3   15.8 0.0096  *       
  -8  -6  -2     2   8   6   548     386   214  1.06   0.0f   I-  1.689    0.1  1.18  157.7  221.3   36.0 0.0189         
   6   2   8     2   8   6   166     365   209  1.03   0.0f   I+  1.157   -0.0  1.18  336.7  309.1   -9.8 0.0197         
  -6  -2  -8     2   8   6   155     340   209  1.00   0.0f   I-  1.137   -0.1  1.18  161.1  213.8  -11.2 0.0197         
   8  -2   6     2   8   6   210     228   209  0.82   0.0f   I+  1.160   -0.7  1.18  305.0  345.0   -4.8 0.0212         
  -8   2  -6     2   8   6   200     199   208  0.76   0.0f   I-  1.169   -0.9  1.18  192.9  177.4   -6.0 0.0212         
              Weighted mean, sd      367    47  I+       336    66  I-       398    66

   2   8   8     2   8   8   158      23    63  0.38   0.0f   I+  1.162   -1.2  1.05  358.3  241.0  -11.2 0.0117         
  -2  -8  -8     2   8   8   130     163    64  1.01   0.0f   I-  1.119    1.3  1.05  139.1  282.6  -14.0 0.0117         
  -8  -2  -8     2   8   8   214      75    68  0.69   0.0f   I+  1.180   -0.3  1.05  155.5  200.0   -4.2 0.0228         
   8   2   8     2   8   8   226     235    71  1.22   0.0f   I-  1.171    2.3  1.05  342.8  323.1   -2.7 0.0228         
  -8   2  -8     2   8   8   143      29    66  0.43   0.0f   I+  1.140   -1.1  1.05  178.9  173.2  -12.7 0.0239         
   8  -2   8     2   8   8   153      68    68  0.65   0.0f   I-  1.160   -0.4  1.05  318.7  349.0  -11.4 0.0239         
   8  -8  -2     2   8   8   425    2338   117  3.83   0.0f   I+  1.228    0.0  1.05  217.6  372.1   21.1 0.0135  *       
  -8   8   2     2   8   8   405    2280   110  3.78   0.0f   I-  1.293    0.0  1.05  280.9  150.1   18.7 0.0135  *       
  -8   8  -2     2   8   8   201     108    67  0.82   0.0f   I+  1.192    0.3  1.05  257.0  147.0   -5.6 0.0174         
   8  -8   2     2   8   8   216      25    64  0.39   0.0f   I-  1.177   -1.2  1.05  241.4  374.7   -3.7 0.0174         
              Weighted mean, sd       88    23  I+        57    33  I-       119    33

   2   9   5     2   9   5   430     759    99  1.72   0.0f   I+  1.205    5.9  1.15  347.2  230.1   21.6 0.0084         
  -2  -9  -5     2   9   5   401     860   100  1.84   0.0f   I-  1.280    0.0  1.15  151.2  292.8   18.4 0.0083  *       
  -9  -2  -5     2   9   5   340      92    97  0.60   0.0f   I+  1.169   -1.1  1.15  169.9  196.5   10.8 0.0214         
   9   2   5     2   9   5   350      77    97  0.55   0.0f   I-  1.175   -1.3  1.15  327.6  326.5   12.1 0.0214         
  -2  -5  -9     2   9   5    14     333   103  1.14   0.0f   I+  1.299    1.3  1.15  147.2  256.7  -28.3 0.0148         
   2   5   9     2   9   5    29      70    95  0.52   0.0f   I-  1.109   -1.4  1.15  350.2  266.6  -26.4 0.0148         
  -5   2  -9     2   9   5    20     154    98  0.78   0.0f   I+  1.166   -0.5  1.15  177.8  187.0  -27.5 0.0218         
   5  -2   9     2   9   5    30     125    97  0.70   0.0f   I-  1.104   -0.8  1.15  319.7  335.9  -26.2 0.0218         
   9  -5  -2     2   9   5   516     228   102  0.94   0.0f   I+  1.612    0.3  1.15  244.7  365.7   32.0 0.0163         
  -9   5   2     2   9   5   502      49    98  0.44   0.0f   I-  1.530   -1.6  1.15  254.0  157.2   30.3 0.0163         
  -9   5  -2     2   9   5   305     138    98  0.74   0.0f   I+  1.264   -0.6  1.15  234.0  158.2    6.7 0.0188         
   9  -5   2     2   9   5   316     119    98  0.68   0.0f   I-  1.241   -0.9  1.15  263.7  363.9    8.1 0.0188         
   5  -9   2     2   9   5    54      84    94  0.57   0.0f   I+  1.156   -1.3  1.15  227.9  363.4  -23.5 0.0136         
  -5   9  -2     2   9   5    37     383    97  1.22   0.0f   I-  1.108    2.0  1.15  270.5  158.4  -25.5 0.0136         
  -5   9   2     2   9   5   251     184    93  0.85   0.0f   I+  1.140   -0.2  1.15  300.2  170.6    1.0 0.0077         
   5  -9  -2     2   9   5   285     187    93  0.86   0.0f   I-  1.221   -0.1  1.15  198.2  352.1    4.6 0.0077         
   9   5   2     2   9   5   537     183   106  0.85   0.0f   I+  1.766   -0.2  1.15  336.5  314.1   34.7 0.0206         
  -9  -5  -2     2   9   5   525     159   104  0.79   0.0f   I-  1.707   -0.4  1.15  161.5  208.6   33.3 0.0206         
   5   2   9     2   9   5   102     377    98  1.22   0.0f   I+  1.053    1.9  1.15  341.3  305.5  -17.6 0.0198         
  -5  -2  -9     2   9   5    91     399    99  1.25   0.0f   I-  1.075    2.1  1.15  156.4  217.1  -18.9 0.0198         
   9  -2   5     2   9   5   269      36    96  0.37   0.0f   I+  1.152   -1.8  1.15  301.4  350.0    2.3 0.0216         
  -9   2  -5     2   9   5   258      34    96  0.36   0.0f   I-  1.139   -1.8  1.15  196.3  172.9    1.0 0.0216         
              Weighted mean, sd      196    21  I+       230    30  I-       159    31

   2  10   6     2  10   6   381     133    93  0.97   0.0f   I+  1.361   -0.3  1.02  359.0  224.7   16.2 0.0091         
  -2 -10  -6     2  10   6   350     407    94  1.69   0.0f   I-  1.212    2.8  1.02  139.1  298.4   12.4 0.0091         
 -10  -2  -6     2  10   6   319    2470   140  4.16   0.0f   I+  1.260    0.0  1.02  159.4  186.7    8.4 0.0242  *       
  10   2   6     2  10   6   331    3310   157  4.81   0.0f   I-  1.215    0.0  1.02  338.2  335.7    9.9 0.0242  *       
   2   6  10     2  10   6    27     109    94  0.87   0.0f   I-  1.119   -0.5  1.02  364.1  262.3  -26.5 0.0159         
  -6   2 -10     2  10   6    37    2047   149  3.79   0.0f   I+  1.122    0.0  1.02  167.2  177.8  -25.3 0.0245  *       
   6  -2  10     2  10   6    50    2704   161  4.35   0.0f   I-  1.160    0.0  1.02  330.3  344.8  -23.9 0.0245  *       
  10  -6  -2     2  10   6   493     330   101  1.52   0.0f   I+  1.534    1.8  1.02  241.8  379.2   29.6 0.0180         
 -10   6   2     2  10   6   478     293    99  1.43   0.0f   I-  1.440    1.4  1.02  256.8  142.8   27.6 0.0180         
 -10   6  -2     2  10   6   302     102    96  0.84   0.0f   I+  1.292   -0.6  1.02  236.5  143.6    6.4 0.0207         
  10  -6   2     2  10   6   315     124    97  0.93   0.0f   I-  1.270   -0.4  1.02  260.9  378.2    8.1 0.0207         
   6 -10   2     2  10   6    84     174    93  1.11   0.0f   I+  1.121    0.2  1.02  224.8  376.8  -19.7 0.0153         
  -6  10  -2     2  10   6    66     855   103  2.45   0.0f   I-  1.186    0.0  1.02  273.6  145.0  -22.0 0.0153  *       
  -6  10   2     2  10   6   259     125    92  0.93   0.0f   I+  1.170   -0.4  1.02  302.9  156.2    1.6 0.0096         
   6 -10  -2     2  10   6   293     137    93  0.98   0.0f   I-  1.270   -0.2  1.02  195.5  366.2    5.2 0.0096         
  10   6   2     2  10   6   555     136   101  0.98   0.0f   I+  1.610   -0.2  1.02  349.0  318.6   36.7 0.0230         
 -10  -6  -2     2  10   6   542      62   100  0.66   0.0f   I-  1.785   -1.0  1.02  149.0  204.0   35.2 0.0230         
   6   2  10     2  10   6   113     254    96  1.33   0.0f   I+  1.084    1.1  1.02  351.4  314.8  -16.2 0.0226         
  -6  -2 -10     2  10   6    99      89    94  0.79   0.0f   I-  1.077   -0.8  1.02  146.5  208.5  -17.7 0.0226         
  10  -2   6     2  10   6   258      31    94  0.47   0.0f   I+  1.166   -1.4  1.02  311.2  359.1    1.2 0.0245         
 -10   2  -6     2  10   6   246      25    94  0.42   0.0f   I-  1.165   -1.5  1.02  186.1  162.9   -0.2 0.0245         
              Weighted mean, sd      157    24  I+       158    34  I-       156    34

   2  10   8     2  10   8   232     170    99  1.24   0.0f   I+  1.199    0.4  0.93  371.3  227.1   -2.0 0.0112         
  -2 -10  -8     2  10   8   199     157    99  1.20   0.0f   I-  1.227    0.2  0.93  126.9  296.0   -5.7 0.0112         
 -10  -2  -8     2  10   8   258      60   101  0.74   0.0f   I+  1.189   -0.8  0.93  147.8  184.7    1.0 0.0262         
  10   2   8     2  10   8   271      36   101  0.57   0.0f   I-  1.210   -1.0  0.93  349.4  337.5    2.6 0.0262         
  -2  -8 -10     2  10   8    50     119    99  1.04   0.0f   I+  1.190   -0.2  0.93  123.4  276.1  -23.4 0.0149         
   2   8  10     2  10   8    77     131   100  1.09   0.0f   I-  1.174   -0.0  0.93  374.6  247.0  -20.6 0.0149         
  -8   2 -10     2  10   8    98     165   102  1.22   0.0f   I+  1.102    0.3  0.93  163.3  166.4  -18.0 0.0270         
   8  -2  10     2  10   8   111     227   102  1.44   0.0f   I-  1.103    1.0  0.93  334.1  356.1  -16.5 0.0270         
  10  -8  -2     2  10   8   448     135   101  1.11   0.0f   I+  1.344    0.0  0.93  226.7  388.8   24.1 0.0175         
 -10   8   2     2  10   8   430    1130   115  3.21   0.0f   I-  1.273    0.0  0.93  271.9  132.9   21.7 0.0175  *       
 -10   8  -2     2  10   8   259     101   101  0.96   0.0f   I+  1.191   -0.3  0.93  249.2  131.3    1.2 0.0208         
  10  -8   2     2  10   8   274     166   102  1.23   0.0f   I-  1.225    0.3  0.93  248.8  390.6    3.2 0.0208         
   8 -10   2     2  10   8   171     114   100  1.02   0.0f   I+  1.225   -0.2  0.93  229.6  389.2   -9.2 0.0180         
  -8  10  -2     2  10   8   154     123   100  1.06   0.0f   I-  1.192   -0.1  0.93  268.5  132.7  -11.5 0.0180         
  -8  10   2     2  10   8   336     105    99  0.98   0.0f   I+  1.229   -0.3  0.93  294.9  139.5   10.5 0.0133         
   8 -10  -2     2  10   8   362     131   100  1.09   0.0f   I-  1.293   -0.0  0.93  203.9  382.3   13.6 0.0133         
   8   2  10     2  10   8   172     134   102  1.10   0.0f   I+  1.226   -0.0  0.93  357.0  327.2   -9.1 0.0255         
  -8  -2 -10     2  10   8   160     893   112  2.85   0.0f   I-  1.204    0.0  0.93  140.6  194.9  -10.7 0.0255  *       
  10  -2   8     2  10   8   206     160   103  1.21   0.0f   I+  1.222    0.3  0.93  325.3  363.8   -5.1 0.0270         
 -10   2  -8     2  10   8   193     174   103  1.26   0.0f   I-  1.234    0.4  0.93  172.2  158.7   -6.7 0.0270         
              Weighted mean, sd      133    24  I+       126    32  I-       143    36

 -11  -2  -3     2  11   3   437      20    64  0.36   0.0f   I+  1.246   -1.6  1.04  171.3  178.9   22.5 0.0241         
  11   2   3     2  11   3   448      30    65  0.44   0.0f   I-  1.294   -1.4  1.04  326.0  343.6   23.9 0.0241         
  11  -3  -2     2  11   3   556      45    68  0.54   0.0f   I+  1.574   -1.1  1.04  269.5  373.6   36.9 0.0211         
 -11   3   2     2  11   3   542     180    76  1.08   0.0f   I-  1.774    0.9  1.04  228.8  147.6   35.3 0.0211         
 -11   3  -2     2  11   3   376       6    65  0.20   0.0f   I+  1.346   -1.8  1.04  212.2  153.0   15.8 0.0227         
  11  -3   2     2  11   3   392     120    69  0.88   0.0f   I-  1.347    0.1  1.04  285.9  369.3   17.2 0.0227         
  11   3   2     2  11   3   502      83    70  0.73   0.0f   I+  1.566   -0.5  1.04  330.1  340.2   30.4 0.0240         
 -11  -3  -2     2  11   3   491      67    68  0.66   0.0f   I-  1.503   -0.8  1.04  168.0  182.3   29.1 0.0240         
  11  -2   3     2  11   3   374     622    77  2.00   0.0f   I+  1.327    0.0  1.04  298.4  365.0   15.1 0.0235  *       
 -11   2  -3     2  11   3   362     475    72  1.75   0.0f   I-  1.258    5.5  1.04  199.5  157.3   13.7 0.0235         
              Weighted mean, sd      105    23  I+        36    33  I-       166    31

 -12  -2  -4     2  12   4   408    1528   126  3.75   0.0f   I+  1.312    0.0  0.94  161.4  170.0   19.2 0.0266  *       
  12   2   4     2  12   4   421    1242   121  3.38   0.0f   I-  1.270    0.0  0.94  336.4  352.2   20.7 0.0266  *       
  12  -4  -2     2  12   4   537     200   112  1.36   0.0f   I+  1.823   -1.4  0.94  266.4  387.4   34.6 0.0228         
 -12   4   2     2  12   4   522     527   115  2.20   0.0f   I-  1.736    1.7  0.94  231.7  133.8   32.8 0.0228         
 -12   4  -2     2  12   4   373     515   107  2.17   0.0f   I+  1.352    1.7  0.94  214.6  137.9   14.9 0.0245         
  12  -4   2     2  12   4   386     300   105  1.66   0.0f   I-  1.391   -0.4  0.94  283.8  383.8   16.5 0.0245         
   4 -12  -2     2  12   4    38     412   100  1.95   0.0f   I-  1.135    0.8  0.94  178.0  367.4  -25.2 0.0074         
  12   4   2     2  12   4   520     550   118  2.25   0.0f   I+  1.722    1.9  0.94  343.1  344.7   32.6 0.0263         
 -12  -4  -2     2  12   4   507     512   114  2.17   0.0f   I-  1.632    1.6  0.94  154.9  177.4   31.1 0.0264         
  12  -2   4     2  12   4   357      39   100  0.60   0.0f   I+  1.249   -3.3  0.94  307.6  372.8   12.8 0.0262         
 -12   2  -4     2  12   4   343      86   101  0.89   0.0f   I-  1.219   -2.7  0.94  189.9  148.8   11.2 0.0262         
              Weighted mean, sd      333    36  I+       308    54  I-       353    48

  -2 -14  -6     2  14   6   524      53    77  0.59   0.0f   I-  1.815   -2.5  0.78  109.8  317.4   32.7 0.0101         
 -14  -2  -6     2  14   6   365      25    79  0.40   0.0f   I+  1.397   -2.8  0.78  142.5  154.0   14.1 0.0319         
  14   2   6     2  14   6   380      44    80  0.54   0.0f   I-  1.478   -2.5  0.78  354.5  368.2   16.0 0.0319         
  14  -6  -2     2  14   6   506      42    81  0.53   0.0f   I+  1.721   -2.5  0.78  259.6  413.6   31.0 0.0262         
 -14   6   2     2  14   6   488      96    81  0.79   0.0f   I-  1.626   -1.8  0.78  238.4  107.7   28.8 0.0262         
 -14   6  -2     2  14   6   361      55    79  0.60   0.0f   I+  1.355   -2.4  0.78  219.4  110.5   13.4 0.0283         
  14  -6   2     2  14   6   379     137    82  0.95   0.0f   I-  1.466   -1.3  0.78  278.1  410.9   15.4 0.0283         
  -6  14   2     2  14   6    88     430    79  1.68   0.0f   I+  1.181    2.7  0.78  326.5  128.7  -19.3 0.0107         
   6 -14  -2     2  14   6   133     261    77  1.31   0.0f   I-  1.217    0.4  0.78  171.8  393.3  -13.8 0.0107         
  14   6   2     2  14   6   548      79    85  0.72   0.0f   I+  1.797   -1.9  0.78  367.4  353.3   36.1 0.0312         
 -14  -6  -2     2  14   6   533     798   117  2.29   0.0f   I-  1.896    5.1  0.78  129.8  168.4   34.2 0.0312         
   6   2  14     2  14   6    42     475    88  1.77   0.0f   I+  1.180    3.0  0.78  382.8  328.1  -24.6 0.0292         
  -6  -2 -14     2  14   6    27     924   111  2.46   0.0f   I-  1.150    0.0  0.78  114.5  194.2  -26.6 0.0292  *       
  14  -2   6     2  14   6   326     308    85  1.42   0.0f   I+  1.327    0.9  0.78  327.5  390.6    9.3 0.0317         
 -14   2  -6     2  14   6   311     425    89  1.67   0.0f   I-  1.383    2.3  0.78  169.9  130.9    7.5 0.0318         
              Weighted mean, sd      202    22  I+       195    31  I-       208    32

   2  18  14     2  18  14   208      30    41  0.85   0.0f   I+  1.605   -0.8  0.53  460.3  187.3   -4.7 0.0170         
  -2 -18 -14     2  18  14   145     155    46  1.93   0.0f   I-  1.562    2.2  0.53   39.0  335.2  -12.3 0.0170         
 -18  -2 -14     2  18  14   243       3    48  0.27   0.0f   I+  1.552   -1.3  0.53   79.0  113.4   -0.6 0.0470         
  18   2  14     2  18  14   266       5    48  0.33   0.0f   I-  1.564   -1.2  0.53  417.0  407.8    2.2 0.0470         
   2  14  18     2  18  14    30      61    43  1.21   0.0f   I-  1.245   -0.0  0.53  468.9  230.1  -26.2 0.0253         
 -14   2 -18     2  18  14   101      -3    47 -0.26   0.0f   I+  1.418   -1.4  0.53   86.8  104.5  -17.8 0.0474         
  14  -2  18     2  18  14   124      31    49  0.85   0.0f   I-  1.482   -0.7  0.53  408.9  416.5  -15.1 0.0474         
  18 -14  -2     2  18  14   418     104    51  1.58   0.0f   I+  1.788    0.9  0.53  219.0  485.6   20.3 0.0325         
 -18  14   2     2  18  14   385      17    48  0.64   0.0f   I-  1.916   -1.0  0.53  279.3   33.0   16.3 0.0325         
 -18  14  -2     2  18  14   289      20    48  0.70   0.0f   I+  1.680   -0.9  0.53  257.2   31.5    4.9 0.0358         
  18 -14   2     2  18  14   320      76    50  1.35   0.0f   I-  1.691    0.3  0.53  240.7  486.9    8.6 0.0358         
  14 -18   2     2  18  14   204      33    46  0.88   0.0f   I+  1.612   -0.7  0.53  201.5  482.4   -5.3 0.0296         
 -14  18  -2     2  18  14   170       6    45  0.39   0.0f   I-  1.617   -1.3  0.53  297.2   35.8   -9.7 0.0296         
 -14  18   2     2  18  14   270      11    43  0.52   0.0f   I+  1.570   -1.2  0.53  324.2   43.7    2.4 0.0247         
  14 -18  -2     2  18  14   313      69    46  1.29   0.0f   I-  1.719    0.2  0.53  175.7  474.9    7.7 0.0247         
  14   2  18     2  18  14   157      22    49  0.73   0.0f   I+  1.592   -0.8  0.53  431.0  388.0  -10.9 0.0458         
 -14  -2 -18     2  18  14   134      26    50  0.78   0.0f   I-  1.527   -0.8  0.53   65.1  133.7  -13.7 0.0458         
  18  -2  14     2  18  14   230     442    70  3.25   0.0f   I+  1.569    5.7  0.53  391.5  432.1   -2.2 0.0477         
 -18   2 -14     2  18  14   207     531    75  3.56   0.0f   I-  1.607    0.0  0.53  104.5   88.8   -4.9 0.0477  *       
              Weighted mean, sd       49    11  I+        48    16  I-        51    16

   2  20  12     2  20  12   362      11    40  0.72   0.0f   I+  1.810   -0.7  0.51  461.0  171.1   13.9 0.0144         
  -2 -20 -12     2  20  12   284      53    40  1.57   0.0f   I-  1.684    0.4  0.51   39.5  351.1    4.4 0.0144         
 -20  -2 -12     2  20  12   295     233    62  3.29   0.0f   I+  1.737    3.3  0.51   84.4  101.5    5.6 0.0485         
  20   2  12     2  20  12   319      35    51  1.27   0.0f   I-  1.731   -0.1  0.51  411.7  420.5    8.4 0.0485         
  -2  20  12     2  20  12   146     -54   179 -1.59   0.0f   I-  1.659   -0.6  0.51  447.1  140.6   -7.3 0.0075         
 -12   2 -20     2  20  12    47       1    44  0.26   0.0f   I+  1.369   -0.9  0.51   75.8  109.6  -24.2 0.0481         
  12  -2  20     2  20  12    70      73    49  1.84   0.0f   I-  1.493    0.7  0.51  419.4  411.3  -21.4 0.0481         
  20 -12  -2     2  20  12   454      10    48  0.67   0.0f   I+  1.949   -0.6  0.51  242.3  492.7   24.6 0.0368         
 -20  12   2     2  20  12   424      21    49  0.98   0.0f   I-  1.820   -0.4  0.51  255.7   25.9   20.9 0.0369         
 -20  12  -2     2  20  12   334       3    45  0.39   0.0f   I+  1.669   -0.9  0.51  235.8   25.8   10.3 0.0395         
  20 -12   2     2  20  12   362      36    49  1.29   0.0f   I-  1.796   -0.1  0.51  261.9  492.0   13.7 0.0395         
  12 -20   2     2  20  12   130     436    61  4.50   0.0f   I+  1.540    0.0  0.51  184.6  483.2  -14.2 0.0274  *       
 -12  20  -2     2  20  12    88      35    43  1.28   0.0f   I-  1.454   -0.1  0.51  314.1   35.6  -19.2 0.0274         
 -12  20   2     2  20  12   181      51    43  1.54   0.0f   I+  1.661    0.3  0.51  343.6   46.7   -8.1 0.0216         
  12 -20  -2     2  20  12   234      16    41  0.86   0.0f   I-  1.591   -0.6  0.51  155.6  472.8   -1.8 0.0216         
  12   2  20     2  20  12   103     114    50  2.30   0.0f   I+  1.445    1.6  0.51  440.6  381.5  -17.5 0.0462         
 -12  -2 -20     2  20  12    78      49    47  1.51   0.0f   I-  1.482    0.2  0.51   55.1  140.1  -20.4 0.0462         
  20  -2  12     2  20  12   282      20    49  0.96   0.0f   I+  1.665   -0.4  0.51  386.1  444.1    4.0 0.0488         
 -20   2 -12     2  20  12   259       4    47  0.42   0.0f   I-  1.577   -0.8  0.51  109.5   75.9    1.3 0.0488         
              Weighted mean, sd       38    11  I+        42    16  I-        35    15

 -22  -2  -8     2  22   8   376      42    56  1.50   0.0f   I+  1.934    0.2  0.51   97.3   86.3   15.4 0.0490         
  22   2   8     2  22   8   399      40    56  1.46   0.0f   I-  1.933    0.1  0.51  399.0  434.6   18.2 0.0490         
  22  -8  -2     2  22   8   500      40    57  1.46   0.0f   I+  2.183    0.1  0.51  281.0  490.6   30.3 0.0419         
 -22   8   2     2  22   8   472      36    55  1.38   0.0f   I-  2.052    0.1  0.51  216.5   27.7   27.0 0.0419         
 -22   8  -2     2  22   8   392     576    86  5.54   0.0f   I+  1.966    0.0  0.51  198.9   32.7   17.2 0.0438  *       
  22  -8   2     2  22   8   418      55    55  1.71   0.0f   I-  1.836    0.4  0.51  298.6  487.0   20.3 0.0438         
   8 -22  -2     2  22   8    46      25    42  1.16   0.0f   I-  1.363   -0.2  0.51  135.0  462.9  -24.3 0.0171         
 -22  -8  -2     2  22   8   539      25    59  1.15   0.0f   I-  2.276   -0.2  0.51   76.7  106.8   34.9 0.0484         
   8   2  22     2  22   8    12       7    47  0.60   0.0f   I+  1.381   -0.6  0.51  449.9  368.4  -28.3 0.0451         
  22  -2   8     2  22   8   363      22    53  1.08   0.0f   I+  1.813   -0.2  0.51  371.1  456.1   13.8 0.0487         
 -22   2  -8     2  22   8   341      42    52  1.49   0.0f   I-  1.669    0.2  0.51  125.2   64.2   11.0 0.0487         
              Weighted mean, sd       32    17  I+        26    26  I-        36    21

 -13  -3  -4     3  13   4   431     113    52  0.92   0.0f   I+  1.305    1.4  0.86  149.7  166.6   21.8 0.0288         
  13   3   4     3  13   4   444      35    50  0.51   0.0f   I-  1.352   -0.2  0.86  347.4  355.4   23.5 0.0288         
 -13   4   3     3  13   4   556      42    51  0.56   0.0f   I-  1.583   -0.1  0.86  230.4  123.2   37.1 0.0248         
 -13   4  -3     3  13   4   351     407    58  1.75   0.0f   I+  1.267    0.0  0.86  204.8  129.3   12.4 0.0272  *       
  13  -4   3     3  13   4   364      44    50  0.58   0.0f   I-  1.348   -0.0  0.86  292.8  391.9   14.1 0.0272         
   4 -13  -3     3  13   4    45      14    40  0.33   0.0f   I-  1.201   -0.8  0.86  165.6  370.5  -23.5 0.0062         
  13   4   3     3  13   4   489      64    56  0.70   0.0f   I+  1.579    0.4  0.86  350.6  351.8   29.0 0.0286         
 -13  -4  -3     3  13   4   476      53    52  0.63   0.0f   I-  1.497    0.2  0.86  146.7  170.4   27.3 0.0286         
  13  -3   4     3  13   4   355      20    48  0.39   0.0f   I+  1.269   -0.6  0.86  304.8  386.6   12.4 0.0281         
 -13   3  -4     3  13   4   338      21    47  0.39   0.0f   I-  1.251   -0.6  0.86  192.7  135.0   10.7 0.0281         
              Weighted mean, sd       42    16  I+        63    30  I-        32    20

   4   5   5     4   5   5   312      39    60  0.65   0.0f   I+  1.213   -0.3  1.48  327.4  268.9    7.6 0.0120         
  -4  -5  -5     4   5   5   300      52    62  0.75   0.0f   I-  1.220   -0.1  1.48  170.5  254.8    6.2 0.0120         
  -5  -4  -5     4   5   5   300      57    61  0.79   0.0f   I+  1.220    0.0  1.48  173.2  240.2    6.2 0.0139         
   5   4   5     4   5   5   310      20    61  0.46   0.0f   I-  1.217   -0.7  1.48  324.3  283.0    7.4 0.0139         
   4  -5   5     4   5   5     9      58    66  0.79   0.0f   I-  1.478    0.0  1.48  270.5  338.5  -28.9 0.0155         
  -5   4  -5     4   5   5    75      42    62  0.67   0.0f   I+  1.113   -0.3  1.48  220.5  186.2  -20.9 0.0161         
   5  -4   5     4   5   5    81      94    62  1.00   0.0f   I-  1.076    0.6  1.48  277.6  336.9  -19.9 0.0161         
  -5  -5  -4     4   5   5   393     862    75  3.05   0.0f   I+  1.263    0.0  1.48  171.2  245.9   17.4 0.0131  *       
   5   5   4     4   5   5   402      52    62  0.75   0.0f   I-  1.221   -0.1  1.48  326.4  276.3   18.6 0.0131         
  -5   5  -4     4   5   5    81     907    74  3.13   0.0f   I+  1.085    0.0  1.48  233.4  181.5  -20.2 0.0150  *       
   5  -5   4     4   5   5    91      95    62  1.01   0.0f   I-  1.046    0.7  1.48  264.6  340.6  -19.1 0.0150         
              Weighted mean, sd       56    21  I+        46    35  I-        61    26

   4   6   4     4   6   4   421     894    86  2.46   0.0f   I+  1.160    0.0  1.46  330.0  262.9   20.7 0.0113  *       
  -4  -6  -4     4   6   4   409    1062    87  2.68   0.0f   I-  1.199    0.0  1.46  168.3  259.7   19.2 0.0113  *       
  -6  -4  -4     4   6   4   380     198    79  1.16   0.0f   I+  1.272    1.3  1.46  174.1  232.4   15.9 0.0150         
   6   4   4     4   6   4   390      89    77  0.78   0.0f   I-  1.272   -0.2  1.46  323.6  290.4   17.0 0.0150         
   4  -6   4     4   6   4    11     106    80  0.85   0.0f   I-  1.416    0.0  1.46  257.7  342.5  -28.7 0.0144         
  -4  -4  -6     4   6   4   208      61    76  0.64   0.0f   I+  1.128   -0.6  1.46  170.4  246.2   -4.8 0.0133         
   4   4   6     4   6   4   218     189    77  1.13   0.0f   I-  1.120    1.2  1.46  328.0  276.9   -3.6 0.0133         
  -6   4  -4     4   6   4   153      31    75  0.46   0.0f   I+  1.102   -1.1  1.46  225.1  182.9  -11.4 0.0159         
   6  -4   4     4   6   4   163      60    76  0.64   0.0f   I-  1.117   -0.6  1.46  272.7  339.7  -10.4 0.0159         
              Weighted mean, sd      104    29  I+        94    44  I-       111    39

   4  12   6     4  12   6   494     660    94  2.24   0.0f   I+  1.605    5.2  0.86  383.0  231.9   29.5 0.0136         
  -4 -12  -6     4  12   6   466     147    84  1.06   0.0f   I-  1.450   -0.6  0.86  115.5  291.0   25.9 0.0135         
 -12  -4  -6     4  12   6   377     291    90  1.49   0.0f   I+  1.412    1.1  0.86  137.3  181.2   15.4 0.0281         
  12   4   6     4  12   6   392      84    86  0.80   0.0f   I-  1.427   -1.4  0.86  360.2  341.0   17.1 0.0281         
  -4  -6 -12     4  12   6    51      46    82  0.59   0.0f   I+  1.204   -1.9  0.86  114.2  242.8  -23.5 0.0215         
   4   6  12     4  12   6    71     133    84  1.01   0.0f   I-  1.212   -0.8  0.86  383.9  280.2  -21.2 0.0215         
 -12   6  -4     4  12   6   273      87    85  0.82   0.0f   I+  1.246   -1.4  0.86  216.5  125.1    3.0 0.0263         
  12  -6   4     4  12   6   288      39    84  0.55   0.0f   I-  1.313   -2.0  0.86  281.4  396.3    4.9 0.0263         
  -6  12   4     4  12   6   329     109    81  0.91   0.0f   I+  1.266   -1.1  0.86  327.9  145.9   10.0 0.0078         
   6 -12  -4     4  12   6   385     514    85  1.98   0.0f   I-  1.430    3.9  0.86  170.7  376.3   16.3 0.0078         
  12   6   4     4  12   6   486     306    93  1.53   0.0f   I+  1.549    1.2  0.86  365.8  332.4   28.4 0.0275         
 -12  -6  -4     4  12   6   471      61    87  0.68   0.0f   I-  1.476   -1.6  0.86  131.9  190.2   26.6 0.0275         
   6   4  12     4  12   6   104     934    98  2.67   0.0f   I+  1.121    0.0  0.86  377.8  306.5  -17.2 0.0249  *       
  -6  -4 -12     4  12   6    89     289    87  1.48   0.0f   I-  1.146    1.1  0.86  119.9  216.4  -19.2 0.0249         
  12  -4   6     4  12   6   267      29    84  0.47   0.0f   I+  1.225   -2.1  0.86  306.6  386.6    2.1 0.0283         
 -12   4  -6     4  12   6   251     209    87  1.26   0.0f   I-  1.213    0.2  0.86  190.9  134.6    0.4 0.0283         
              Weighted mean, sd      191    22  I+       199    33  I-       184    30

 -14  -4  -4     4  14   4   449     122    66  1.03   0.0f   I+  1.421    1.1  0.80  137.7  162.8   24.1 0.0311         
  14   4   4     4  14   4   464      90    65  0.89   0.0f   I-  1.494    0.4  0.80  359.6  359.4   25.9 0.0310         
   4 -14  -4     4  14   4    81    1305   208  3.38   0.0f   I+  1.229    0.0  0.80  151.9  375.2  -21.0 0.0050  *       
 -14   4  -4     4  14   4   333      20    61  0.42   0.0f   I+  1.292   -1.0  0.80  194.9  120.9   10.3 0.0300         
  14  -4   4     4  14   4   351      43    62  0.61   0.0f   I-  1.298   -0.5  0.80  302.5  400.8   12.2 0.0300         
              Weighted mean, sd       66    32  I+        67    45  I-        65    45

   4  14  12     4  14  12   244      45    57  0.93   0.0f   I+  1.370   -0.9  0.64  429.1  223.4   -0.5 0.0186         
  -4 -14 -12     4  14  12   203      56    57  1.03   0.0f   I-  1.414   -0.7  0.64   69.3  299.5   -5.2 0.0186         
 -14  -4 -12     4  14  12   253      53    61  1.01   0.0f   I+  1.366   -0.7  0.64   94.5  160.4    0.4 0.0375         
  14   4  12     4  14  12   272     799    86  3.91   0.0f   I-  1.396    0.0  0.64  402.1  361.9    2.8 0.0375  *       
  -4 -12 -14     4  14  12   104      69    57  1.15   0.0f   I+  1.259   -0.5  0.64   66.5  280.5  -17.1 0.0220         
   4  12  14     4  14  12   138       7    56  0.38   0.0f   I-  1.353   -1.6  0.64  431.8  242.6  -13.1 0.0220         
 -12   4 -14     4  14  12    98      45    60  0.93   0.0f   I+  1.258   -0.9  0.64  133.8  115.0  -18.0 0.0393         
  12  -4  14     4  14  12   116      42    60  0.90   0.0f   I-  1.284   -0.9  0.64  363.1  406.7  -15.7 0.0393         
  14 -12  -4     4  14  12   484     236    67  2.13   0.0f   I+  1.774    2.2  0.64  206.6  443.9   28.3 0.0238         
 -14  12   4     4  14  12   453      60    61  1.07   0.0f   I-  1.630   -0.6  0.64  292.2   76.8   24.6 0.0238         
 -14  12  -4     4  14  12   214      31    59  0.77   0.0f   I+  1.401   -1.1  0.64  247.0   72.0   -4.1 0.0307         
  14 -12   4     4  14  12   238      10    58  0.44   0.0f   I-  1.373   -1.5  0.64  251.3  448.0   -1.2 0.0307         
  12 -14   4     4  14  12   169      55    59  1.02   0.0f   I+  1.416   -0.7  0.64  232.9  447.6   -9.6 0.0281         
 -12  14  -4     4  14  12   142      42    58  0.90   0.0f   I-  1.362   -1.0  0.64  265.1   72.7  -12.7 0.0281         
 -12  14   4     4  14  12   398     119    60  1.51   0.0f   I+  1.636    0.4  0.64  315.9   84.4   17.6 0.0194         
  12 -14  -4     4  14  12   432     139    60  1.63   0.0f   I-  1.528    0.8  0.64  183.1  436.5   22.2 0.0193         
 -14 -12  -4     4  14  12   547     261    81  2.23   0.0f   I-  1.942    2.1  0.64   76.0  199.1   35.9 0.0338         
  12   4  14     4  14  12   204     475    75  3.01   0.0f   I+  1.417    5.3  0.64  408.5  351.1   -5.3 0.0366         
 -12  -4 -14     4  14  12   183      92    63  1.32   0.0f   I-  1.428   -0.1  0.64   88.2  171.4   -7.7 0.0366         
  14  -4  12     4  14  12   183      73    63  1.18   0.0f   I+  1.428   -0.4  0.64  353.6  413.7   -8.0 0.0392         
 -14   4 -12     4  14  12   164      53    62  1.01   0.0f   I-  1.407   -0.7  0.64  143.1  107.6  -10.2 0.0392         
              Weighted mean, sd       85    14  I+       103    19  I-        66    19

  -5 -10  -5     5  10   5   479     768    73  2.49   0.0f   I-  1.451    0.0  0.98  129.8  271.3   27.6 0.0147  *       
 -10  -5  -5     5  10   5   408     347    66  1.67   0.0f   I+  1.296    3.3  0.98  144.1  203.4   19.2 0.0237         
  10   5   5     5  10   5   421     497    69  2.00   0.0f   I-  1.253    5.8  0.98  353.8  319.3   20.7 0.0237         
  -5  -5 -10     5  10   5   121      43    56  0.59   0.0f   I+  1.107   -2.4  0.98  132.9  235.9  -15.3 0.0201         
   5   5  10     5  10   5   137      46    56  0.61   0.0f   I-  1.146   -2.3  0.98  364.9  287.1  -13.4 0.0201         
 -10   5  -5     5  10   5   222      24    58  0.44   0.0f   I+  1.190   -2.7  0.98  211.5  146.1   -3.2 0.0239         
  10  -5   5     5  10   5   234      16    57  0.36   0.0f   I-  1.180   -2.9  0.98  286.5  376.1   -1.6 0.0239         
              Weighted mean, sd      134    24  I+       118    34  I-       149    35

   5  10   9     5  10   9   290      68    58  0.77   0.0f   I+  1.325   -0.0  0.84  388.5  251.6    4.9 0.0175         
  -5 -10  -9     5  10   9   266     511    65  2.11   0.0f   I-  1.232    0.0  0.84  109.1  271.3    2.0 0.0175  *       
 -10  -5  -9     5  10   9   275      42    60  0.60   0.0f   I+  1.267   -0.5  0.84  122.2  202.1    3.4 0.0270         
  10   5   9     5  10   9   292      41    60  0.60   0.0f   I-  1.338   -0.5  0.84  375.0  320.8    5.3 0.0270         
  -5  -9 -10     5  10   9   197      31    57  0.52   0.0f   I+  1.261   -0.7  0.84  109.4  263.9   -5.5 0.0189         
   5   9  10     5  10   9   221      59    59  0.72   0.0f   I-  1.239   -0.2  0.84  389.0  259.4   -2.8 0.0189         
  -9   5 -10     5  10   9    84      74    60  0.80   0.0f   I+  1.176    0.1  0.84  177.2  138.5  -19.9 0.0296         
   9  -5  10     5  10   9    99     106    61  0.96   0.0f   I-  1.132    0.6  0.84  320.0  383.7  -18.1 0.0296         
  -9 -10  -5     5  10   9   491      27    62  0.49   0.0f   I+  1.601   -0.7  0.84  111.7  236.2   29.1 0.0229         
   9  10   5     5  10   9   510     168    69  1.21   0.0f   I-  1.699    1.5  0.84  386.4  286.7   31.4 0.0229         
 -10   9  -5     5  10   9   154      28    58  0.50   0.0f   I+  1.225   -0.7  0.84  235.4  118.1  -11.7 0.0249         
  10  -9   5     5  10   9   172      12    58  0.32   0.0f   I-  1.257   -1.0  0.84  262.3  403.3   -9.7 0.0249         
   9 -10   5     5  10   9   120      77    60  0.82   0.0f   I+  1.160    0.1  0.84  254.6  403.8  -15.1 0.0239         
  -9  10  -5     5  10   9   104      59    58  0.72   0.0f   I-  1.129   -0.2  0.84  243.6  117.8  -17.2 0.0239         
  -9  10   5     5  10   9   539      55    62  0.69   0.0f   I+  1.864   -0.2  0.84  303.4  127.9   35.0 0.0140         
  10   9   5     5  10   9   494     222    69  1.39   0.0f   I+  1.618    2.3  0.84  383.4  299.8   29.5 0.0246         
 -10  -9  -5     5  10   9   477      92    64  0.90   0.0f   I-  1.517    0.4  0.84  114.6  223.1   27.4 0.0246         
   9   5  10     5  10   9   247     193    64  1.30   0.0f   I+  1.224    2.0  0.84  377.9  315.1   -0.2 0.0263         
  -9  -5 -10     5  10   9   231       7    59  0.25   0.0f   I-  1.234   -1.1  0.84  119.8  207.6   -2.2 0.0263         
  10  -5   9     5  10   9   139      13    59  0.33   0.0f   I+  1.205   -1.0  0.84  315.0  386.4  -12.9 0.0294         
 -10   5  -9     5  10   9   125      45    60  0.63   0.0f   I-  1.170   -0.4  0.84  182.1  135.2  -14.7 0.0294         
              Weighted mean, sd       66    14  I+        70    18  I-        61    20

   6   8   8     6   8   8   306      64    76  0.77   0.0f   I+  1.316   -1.7  0.94  373.5  270.2    6.9 0.0185         
  -6  -8  -8     6   8   8   284      20    75  0.43   0.0f   I-  1.274   -2.3  0.94  124.9  252.9    4.7 0.0185         
  -8  -6  -8     6   8   8   289      58    77  0.73   0.0f   I+  1.282   -1.8  0.94  129.8  224.6    4.9 0.0222         
   8   6   8     6   8   8   305     162    79  1.22   0.0f   I-  1.317   -0.3  0.94  368.2  298.3    6.7 0.0222         
  -8   6  -8     6   8   8    78     132    79  1.10   0.0f   I+  1.168   -0.7  0.94  200.5  143.4  -20.5 0.0256         
   8  -6   8     6   8   8    92      99    77  0.95   0.0f   I-  1.114   -1.2  0.94  297.0  378.4  -18.9 0.0256         
  -8  -8  -6     6   8   8   407     546    85  2.24   0.0f   I+  1.320    4.7  0.94  126.4  236.5   19.0 0.0208         
   8   8   6     6   8   8   423     385    82  1.88   0.0f   I-  1.268    2.7  0.94  371.4  286.2   20.9 0.0208         
  -8   8  -6     6   8   8    87    1023    93  3.07   0.0f   I+  1.131    0.0  0.94  226.9  134.8  -19.5 0.0233  *       
   8  -8   6     6   8   8   101    1087    94  3.16   0.0f   I-  1.095    0.0  0.94  270.9  387.1  -17.7 0.0233  *       
              Weighted mean, sd      171    28  I+       184    39  I-       158    39

   6  10   6     6  10   6   451     443   127  1.98   0.0f   I+  1.358    1.6  0.92  377.0  258.7   24.3 0.0171         
  -6 -10  -6     6  10   6   431     121   123  1.03   0.0f   I-  1.278   -1.4  0.92  121.1  264.0   21.8 0.0171         
 -10  -6  -6     6  10   6   390    1386   144  3.49   0.0f   I+  1.398    0.0  0.92  131.8  208.8   16.9 0.0244  *       
  10   6   6     6  10   6   404     267   126  1.53   0.0f   I-  1.342   -0.0  0.92  365.8  313.4   18.7 0.0244         
  -6  -6 -10     6  10   6   173      90   123  0.89   0.0f   I+  1.230   -1.7  0.92  123.8  236.4   -9.0 0.0212         
   6   6  10     6  10   6   190     453   127  2.00   0.0f   I-  1.240    1.7  0.92  374.3  286.7   -7.0 0.0212         
 -10   6  -6     6  10   6   178     138   125  1.10   0.0f   I+  1.235   -1.2  0.92  210.1  136.4   -8.5 0.0254         
  10  -6   6     6  10   6   191     379   127  1.83   0.0f   I-  1.239    1.0  0.92  287.6  386.0   -6.9 0.0254         
              Weighted mean, sd      267    47  I+       220    72  I-       302    63

   6  10   8     6  10   8   355     116   118  0.96   0.0f   I+  1.290   -2.1  0.85  386.6  258.2   12.8 0.0184         
  -6 -10  -8     6  10   8   333     738   123  2.42   0.0f   I-  1.266    3.3  0.85  111.0  264.3   10.1 0.0184         
 -10  -6  -8     6  10   8   323    2055   151  4.03   0.0f   I+  1.301    0.0  0.85  121.2  208.4    8.9 0.0260  *       
  10   6   8     6  10   8   340     591   124  2.16   0.0f   I-  1.257    2.0  0.85  376.6  313.6   10.9 0.0260         
  -6  -8 -10     6  10   8   212     112   117  0.94   0.0f   I+  1.245   -2.2  0.85  111.6  249.5   -4.4 0.0207         
   6   8  10     6  10   8   231     138   117  1.04   0.0f   I-  1.228   -1.9  0.85  386.3  273.2   -2.0 0.0207         
  -8   6 -10     6  10   8    43     703   128  2.36   0.0f   I+  1.161    2.9  0.85  184.2  136.3  -24.6 0.0289         
   8  -6  10     6  10   8    59     448   123  1.88   0.0f   I-  1.220    0.8  0.85  313.2  385.7  -22.9 0.0289         
  -8 -10  -6     6  10   8   446      59   117  0.68   0.0f   I+  1.369   -2.6  0.85  112.2  246.5   23.7 0.0212         
   8  10   6     6  10   8   466     799   128  2.51   0.0f   I-  1.462    3.6  0.85  386.1  276.2   26.1 0.0212         
 -10   8  -6     6  10   8   144     116   118  0.96   0.0f   I+  1.207   -2.1  0.85  222.0  122.5  -12.5 0.0260         
  10  -8   6     6  10   8   160      78   117  0.78   0.0f   I-  1.236   -2.5  0.85  275.9  399.1  -10.6 0.0260         
   8 -10   6     6  10   8    70     153   119  1.10   0.0f   I+  1.218   -1.8  0.85  259.9  401.5  -21.4 0.0242         
  -8  10  -6     6  10   8    53     569   125  2.12   0.0f   I-  1.207    1.8  0.85  237.4  119.9  -23.5 0.0242         
  10   8   6     6  10   8   441     381   121  1.74   0.0f   I+  1.344    0.2  0.85  380.2  303.5   23.1 0.0248         
 -10  -8  -6     6  10   8   424     433   121  1.85   0.0f   I-  1.310    0.7  0.85  117.4  219.1   21.0 0.0248         
   8   6  10     6  10   8   243     282   119  1.49   0.0f   I+  1.220   -0.6  0.85  380.8  301.1   -0.7 0.0245         
  -8  -6 -10     6  10   8   226     375   120  1.72   0.0f   I-  1.233    0.2  0.85  116.8  221.7   -2.8 0.0245         
  10  -6   8     6  10   8   147     243   120  1.39   0.0f   I+  1.210   -1.0  0.85  302.1  391.0  -12.2 0.0282         
 -10   6  -8     6  10   8   132     414   121  1.81   0.0f   I-  1.180    0.5  0.85  195.5  130.9  -14.0 0.0282         
              Weighted mean, sd      343    28  I+       231    40  I-       448    39

   6  10  10     6  10  10   277     162    69  1.03   0.0f   I+  1.292    0.6  0.78  398.6  260.5    3.3 0.0204         
  -6 -10 -10     6  10  10   256      18    66  0.35   0.0f   I-  1.249   -1.8  0.78   99.8  262.3    0.4 0.0204         
 -10  -6 -10     6  10  10   265    1468   105  3.11   0.0f   I+  1.259    0.0  0.78  109.3  206.4    1.9 0.0279  *       
  10   6  10     6  10  10   282     106    71  0.83   0.0f   I-  1.320   -0.3  0.78  388.0  315.9    4.0 0.0279         
 -10   6 -10     6  10  10    94     183    72  1.10   0.0f   I+  1.161    0.9  0.78  180.2  124.8  -18.5 0.0313         
  10  -6  10     6  10  10   110      55    68  0.60   0.0f   I-  1.159   -1.1  0.78  316.9  397.0  -16.6 0.0313         
 -10 -10  -6     6  10  10   458     146    72  0.98   0.0f   I+  1.472    0.3  0.78  102.8  229.1   25.0 0.0252         
  10  10   6     6  10  10   477     106    73  0.83   0.0f   I-  1.556   -0.3  0.78  395.0  293.5   27.3 0.0252         
 -10  10  -6     6  10  10   111      20    67  0.36   0.0f   I+  1.163   -1.8  0.78  233.3  108.4  -16.3 0.0268         
  10 -10   6     6  10  10   131     325    73  1.46   0.0f   I-  1.210    3.1  0.78  264.8  413.4  -14.1 0.0268         
              Weighted mean, sd      119    23  I+       124    35  I-       115    31

   6  12  12     6  12  12   251      74    51  1.10   0.0f   I+  1.335    0.3  0.67  423.6  251.3    0.4 0.0224         
  -6 -12 -12     6  12  12   221       9    49  0.38   0.0f   I-  1.357   -1.2  0.67   74.9  271.6   -3.2 0.0224         
 -12  -6 -12     6  12  12   248      16    52  0.52   0.0f   I+  1.334   -1.0  0.67   89.5  188.1   -0.1 0.0337         
  12   6  12     6  12  12   269      23    52  0.61   0.0f   I-  1.351   -0.8  0.67  407.8  334.3    2.3 0.0337         
 -12   6 -12     6  12  12   107     134    56  1.47   0.0f   I+  1.231    1.5  0.67  160.2  106.7  -17.1 0.0371         
  12  -6  12     6  12  12   125      58    54  0.97   0.0f   I-  1.275   -0.1  0.67  337.0  414.6  -14.9 0.0370         
 -12  12   6     6  12  12   533     729    97  3.44   0.0f   I-  2.003    0.0  0.67  308.8   90.9   34.2 0.0193  *       
 -12 -12  -6     6  12  12   490     112    62  1.35   0.0f   I+  1.768    0.9  0.67   78.5  221.3   29.1 0.0299         
  12  12   6     6  12  12   514     630    89  3.20   0.0f   I-  1.878    0.0  0.67  418.9  301.9   31.8 0.0299  *       
 -12  12  -6     6  12  12   132       7    50  0.33   0.0f   I+  1.301   -1.2  0.67  239.2   81.1  -14.0 0.0303         
  12 -12   6     6  12  12   155     122    55  1.41   0.0f   I-  1.351    1.2  0.67  259.0  439.6  -11.3 0.0303         
              Weighted mean, sd       57    18  I+        63    24  I-        49    26

   6  14  10     6  14  10   365      47    72  0.79   0.0f   I+  1.530   -1.2  0.66  424.9  237.2   14.3 0.0202         
  -6 -14 -10     6  14  10   333     243    76  1.81   0.0f   I-  1.405    1.6  0.66   73.3  285.8   10.2 0.0202         
 -14  -6 -10     6  14  10   319    1741   129  4.84   0.0f   I+  1.462    0.0  0.66   93.5  174.4    8.4 0.0353  *       
  14   6  10     6  14  10   339     168    79  1.50   0.0f   I-  1.399    0.5  0.66  403.5  347.5   10.8 0.0353         
  -6 -10 -14     6  14  10   135      96    74  1.14   0.0f   I+  1.315   -0.5  0.66   72.0  253.6  -13.7 0.0256         
   6  10  14     6  14  10   161      64    73  0.93   0.0f   I-  1.376   -0.9  0.66  425.8  269.4  -10.5 0.0256         
 -10   6 -14     6  14  10    38     151    78  1.43   0.0f   I+  1.206    0.3  0.66  148.5  111.6  -25.2 0.0378         
  10  -6  14     6  14  10    57      88    76  1.09   0.0f   I-  1.301   -0.6  0.66  348.2  410.0  -23.0 0.0378         
 -10 -14  -6     6  14  10   518      33    76  0.66   0.0f   I+  1.913   -1.3  0.66   72.6  247.4   32.3 0.0265         
  10  14   6     6  14  10   543     129    81  1.32   0.0f   I-  1.973   -0.0  0.66  425.4  275.8   35.4 0.0265         
 -14  10  -6     6  14  10   200      16    73  0.47   0.0f   I+  1.396   -1.6  0.66  220.9   81.1   -5.8 0.0328         
  14 -10   6     6  14  10   220      34    73  0.67   0.0f   I-  1.367   -1.4  0.66  276.5  439.4   -3.3 0.0328         
  10 -14   6     6  14  10    77      64    73  0.93   0.0f   I+  1.295   -0.9  0.66  243.5  441.9  -20.5 0.0285         
 -10  14  -6     6  14  10    55     115    76  1.24   0.0f   I-  1.289   -0.2  0.66  254.8   78.8  -23.4 0.0286         
 -10  14   6     6  14  10   481     420    79  2.38   0.0f   I+  1.719    3.8  0.66  333.8   99.9   27.9 0.0144         
  10 -14  -6     6  14  10   529      61    73  0.91   0.0f   I-  1.991   -1.0  0.66  165.4  421.4   33.6 0.0144         
  14  10   6     6  14  10   490     200    83  1.64   0.0f   I+  1.777    0.9  0.66  412.9  327.9   29.0 0.0334         
 -14 -10  -6     6  14  10   469      84    79  1.06   0.0f   I-  1.665   -0.6  0.66   84.6  194.4   26.5 0.0334         
  10   6  14     6  14  10   192     385    82  2.28   0.0f   I+  1.406    3.2  0.66  414.2  323.9   -6.7 0.0329         
 -10  -6 -14     6  14  10   172      82    75  1.05   0.0f   I-  1.394   -0.7  0.66   82.8  198.5   -9.2 0.0329         
  14  -6  10     6  14  10   193     804    96  3.29   0.0f   I+  1.404    0.0  0.66  327.9  422.5   -6.6 0.0370  *       
 -14   6 -10     6  14  10   175     125    78  1.30   0.0f   I-  1.398   -0.1  0.66  168.9   99.1   -8.9 0.0371         
              Weighted mean, sd      124    17  I+       146    25  I-       107    23

   6  18  14     6  18  14   312      13    41  0.82   0.0f   I+  1.768   -0.7  0.51  474.9  217.3    7.5 0.0239         
  -6 -18 -14     6  18  14   264       9    40  0.69   0.0f   I-  1.590   -0.9  0.51   24.2  305.5    1.7 0.0238         
 -18  -6 -14     6  18  14   281      53    48  1.69   0.0f   I+  1.661    0.2  0.51   54.0  138.8    3.8 0.0466         
  18   6  14     6  18  14   305     302    66  4.02   0.0f   I-  1.773    4.1  0.51  441.5  382.7    6.8 0.0466         
  -6 -14 -18     6  18  14   103      31    41  1.29   0.0f   I+  1.456   -0.3  0.51   20.6  270.4  -17.2 0.0301         
   6  14  18     6  18  14   143       7    42  0.63   0.0f   I-  1.596   -0.9  0.51  478.4  253.1  -12.6 0.0301         
 -14   6 -18     6  18  14    67      66    47  1.88   0.0f   I+  1.499    0.5  0.51  109.2   75.8  -21.7 0.0491         
  14  -6  18     6  18  14    92      34    46  1.35   0.0f   I-  1.455   -0.2  0.51  386.9  445.0  -18.9 0.0491         
  18 -14  -6     6  18  14   534      15    51  0.89   0.0f   I+  2.311   -0.6  0.51  201.9  489.8   34.0 0.0308         
 -18  14   6     6  18  14   494      19    47  1.01   0.0f   I-  2.169   -0.5  0.51  297.0   28.6   29.5 0.0308         
 -14 -18  -6     6  18  14   557      90    52  2.19   0.0f   I+  1.872    1.0  0.51   22.7  229.1   37.0 0.0364         
 -18  14  -6     6  18  14   212      24    46  1.14   0.0f   I+  1.637   -0.4  0.51  231.7   25.4   -4.3 0.0403         
  18 -14   6     6  18  14   242      17    44  0.94   0.0f   I-  1.591   -0.6  0.51  265.5  493.7   -0.9 0.0402         
  14 -18   6     6  18  14   131     444    65  4.88   0.0f   I+  1.549    0.0  0.51  230.6  493.1  -14.2 0.0354  *       
 -14  18  -6     6  18  14    96       6    41  0.56   0.0f   I-  1.451   -0.9  0.51  267.3   25.0  -18.1 0.0354         
 -14  18   6     6  18  14   408      26    43  1.19   0.0f   I+  1.893   -0.4  0.51  345.6   45.4   19.1 0.0215         
  14 -18  -6     6  18  14   462      11    42  0.77   0.0f   I-  2.005   -0.8  0.51  153.9  474.2   25.5 0.0215         
  18  14   6     6  18  14   540      31    54  1.28   0.0f   I+  2.271   -0.2  0.51  461.6  345.2   35.0 0.0430         
 -18 -14  -6     6  18  14   513       4    53  0.48   0.0f   I-  2.228   -0.7  0.51   34.9  177.3   31.8 0.0430         
  14   6  18     6  18  14   195      60    49  1.80   0.0f   I+  1.673    0.4  0.51  454.1  360.7   -6.4 0.0446         
 -14  -6 -18     6  18  14   170      26    48  1.18   0.0f   I-  1.660   -0.3  0.51   42.0  161.6   -9.5 0.0446         
  18  -6  14     6  18  14   195      53    50  1.69   0.0f   I+  1.672    0.2  0.51  367.8  458.6   -6.4 0.0487         
 -18   6 -14     6  18  14   172      27    50  1.20   0.0f   I-  1.664   -0.3  0.51  127.9   61.3   -9.2 0.0487         
              Weighted mean, sd       34    10  I+        40    14  I-        28    14

   7  12   9     7  12   9   376      39    64  0.65   0.0f   I+  1.517   -1.0  0.73  409.9  256.4   15.4 0.0213         
  -7 -12  -9     7  12   9   350      98    65  1.03   0.0f   I-  1.350   -0.1  0.73   88.1  266.7   12.3 0.0213         
 -12  -7  -9     7  12   9   333      80    67  0.94   0.0f   I+  1.339   -0.3  0.73  100.8  197.4   10.3 0.0307         
  12   7   9     7  12   9   353     639    80  2.64   0.0f   I-  1.361    0.0  0.73  396.7  325.2   12.6 0.0307  *       
  -7  -9 -12     7  12   9   194      29    64  0.56   0.0f   I+  1.339   -1.2  0.73   89.0  244.7   -6.4 0.0247         
   7   9  12     7  12   9   218     225    69  1.57   0.0f   I-  1.312    1.9  0.73  408.9  278.2   -3.6 0.0247         
  -9   7 -12     7  12   9    30     148    68  1.27   0.0f   I+  1.158    0.7  0.73  171.8  116.3  -26.3 0.0339         
   9  -7  12     7  12   9    47     239    71  1.61   0.0f   I-  1.215    2.0  0.73  325.3  405.5  -24.3 0.0339         
  -9 -12  -7     7  12   9   449      23    64  0.50   0.0f   I+  1.479   -1.3  0.73   88.9  248.6   24.0 0.0241         
   9  12   7     7  12   9   472     120    69  1.14   0.0f   I-  1.590    0.3  0.73  409.2  274.3   26.8 0.0241         
 -12   9  -7     7  12   9   156       7    65  0.28   0.0f   I+  1.300   -1.5  0.73  214.8   99.8  -11.2 0.0307         
  12  -9   7     7  12   9   173      25    65  0.53   0.0f   I-  1.333   -1.2  0.73  283.0  421.7   -9.0 0.0307         
   9 -12   7     7  12   9    59     163    68  1.33   0.0f   I+  1.267    1.0  0.73  259.6  425.3  -22.9 0.0281         
  -9  12  -7     7  12   9    39      50    63  0.74   0.0f   I-  1.177   -0.8  0.73  238.2   95.9  -25.3 0.0281         
  12   9   7     7  12   9   439      68    66  0.86   0.0f   I+  1.435   -0.5  0.73  400.5  314.9   22.9 0.0295         
 -12  -9  -7     7  12   9   418      21    64  0.48   0.0f   I-  1.409   -1.3  0.73   96.7  208.1   20.6 0.0295         
   9   7  12     7  12   9   228      91    67  1.00   0.0f   I+  1.301   -0.2  0.73  403.4  305.9   -2.3 0.0284         
  -9  -7 -12     7  12   9   209     135    68  1.21   0.0f   I-  1.322    0.5  0.73   93.9  217.0   -4.7 0.0284         
  12  -7   9     7  12   9   160     305    72  1.82   0.0f   I+  1.312    2.9  0.73  309.1  413.5  -10.5 0.0329         
 -12   7  -9     7  12   9   142      38    66  0.65   0.0f   I-  1.278   -1.0  0.73  188.2  108.2  -12.6 0.0329         
              Weighted mean, sd       95    15  I+        89    21  I-       101    22

   8  16  14     8  16  14   308      94    47  1.62   0.0f   I+  1.719    1.3  0.53  468.7  244.9    7.1 0.0277         
  -8 -16 -14     8  16  14   269      28    43  0.89   0.0f   I-  1.559   -0.2  0.53   29.2  277.9    2.5 0.0276         
 -16  -8 -14     8  16  14   279      67    49  1.37   0.0f   I+  1.608    0.6  0.53   48.8  166.7    3.7 0.0428         
  16   8  14     8  16  14   305     624    81  4.18   0.0f   I-  1.720    0.0  0.53  446.9  355.3    6.7 0.0428  *       
  -8 -14 -16     8  16  14   191      36    45  1.00   0.0f   I+  1.627   -0.0  0.53   28.5  261.9   -6.9 0.0303         
   8  14  16     8  16  14   226      17    43  0.69   0.0f   I-  1.566   -0.5  0.53  469.3  261.1   -2.7 0.0303         
 -14   8 -16     8  16  14    73       5    47  0.38   0.0f   I+  1.465   -0.7  0.53  135.0   66.8  -21.1 0.0468         
  14  -8  16     8  16  14    96      19    46  0.72   0.0f   I-  1.411   -0.4  0.53  361.4  453.0  -18.4 0.0468         
 -14 -16  -8     8  16  14   485      27    53  0.86   0.0f   I+  2.041   -0.2  0.53   31.2  224.9   28.4 0.0358         
  14  16   8     8  16  14   515     151    63  2.06   0.0f   I-  2.173    1.9  0.53  465.7  297.5   32.0 0.0358         
 -16  14  -8     8  16  14   150      18    45  0.70   0.0f   I+  1.565   -0.5  0.53  224.3   34.5  -11.8 0.0397         
  16 -14   8     8  16  14   177      43    47  1.10   0.0f   I-  1.617    0.1  0.53  273.0  484.0   -8.6 0.0397         
  14 -16   8     8  16  14   123      13    45  0.61   0.0f   I+  1.462   -0.6  0.53  256.7  485.5  -15.4 0.0377         
 -14  16  -8     8  16  14    91      16    44  0.66   0.0f   I-  1.415   -0.5  0.53  241.1   33.7  -18.8 0.0377         
 -14  16   8     8  16  14   531      59    51  1.28   0.0f   I+  2.254    0.4  0.53  337.6   51.5   34.0 0.0216         
  16  14   8     8  16  14   495     115    59  1.79   0.0f   I+  2.099    1.4  0.53  459.4  324.1   29.6 0.0393         
 -16 -14  -8     8  16  14   469      21    52  0.76   0.0f   I-  1.961   -0.3  0.53   37.1  198.4   26.3 0.0393         
  14   8  16     8  16  14   246      28    46  0.88   0.0f   I+  1.542   -0.2  0.53  452.9  343.5   -0.3 0.0415         
 -14  -8 -16     8  16  14   221       9    46  0.49   0.0f   I-  1.573   -0.7  0.53   43.8  178.7   -3.4 0.0415         
  16  -8  14     8  16  14   150      15    47  0.65   0.0f   I+  1.562   -0.5  0.53  350.7  459.1  -11.8 0.0464         
 -16   8 -14     8  16  14   127       4    47  0.33   0.0f   I-  1.490   -0.8  0.53  145.7   60.3  -14.6 0.0464         
              Weighted mean, sd       34    11  I+        40    15  I-        28    16

  12  12  12    12  12  12   350      11    48  0.42   0.0f   I+  1.537   -0.8  0.58  447.1  299.1   12.2 0.0333         
 -12 -12 -12    12  12  12   323    1053    93  4.07   0.0f   I-  1.559    0.0  0.58   50.6  224.0    9.0 0.0333  *       
 -12  12 -12    12  12  12    44      67    50  1.03   0.0f   I+  1.283    0.9  0.58  192.3   62.0  -24.5 0.0398         
  12 -12  12    12  12  12    67      30    49  0.69   0.0f   I-  1.395   -0.2  0.58  304.6  458.0  -21.8 0.0398         
              Weighted mean, sd       36    28  I+        38    35  I-        30    49
