ScaleModel V1.1 {
Nruns    1
RunNumber    1
Run V1 {
 Batch_number_list  566
    1    2    3    4    5    6    7    8    9   10   11   12   13   14   15   16   17   18   19   20   21
   22   23   24   25   26   27   28   29   30   31   32   33   34   35   36   37   38   39   40   41   42
   43   44   45   46   47   48   49   50   51   52   53   54   55   56   57   58   59   60   61   62   63
   64   65   66   67   68   69   70   71   72   73   74   75   76   77   78   79   80   81   82   83   84
   85   86   87   88   89   90   91   92   93   94   95   96   97   98   99  100  101  102  103  104  105
  106  107  108  109  110  111  112  113  114  115  116  117  118  119  120  121  122  123  124  125  126
  127  128  129  130  131  132  133  134  135  136  137  138  139  140  141  142  143  144  145  146  147
  148  149  150  151  152  153  154  155  156  157  158  159  160  161  162  163  164  165  166  167  168
  169  170  171  172  173  174  175  176  177  178  179  180  181  182  183  184  185  186  187  188  189
  190  191  192  193  194  195  196  197  198  199  200  201  202  203  204  205  206  207  208  209  210
  211  212  213  214  215  216  217  218  219  220  221  222  223  224  225  226  227  228  229  230  231
  232  233  234  235  236  237  238  239  240  241  242  243  244  245  246  247  248  249  250  251  252
  253  254  255  256  257  258  259  260  261  262  263  264  265  266  267  268  269  270  271  272  273
  274  275  276  277  278  279  280  281  282  283  284  285  286  287  288  289  290  291  292  293  294
  295  296  297  298  299  300  301  302  303  304  305  306  307  308  309  310  311  312  313  314  315
  316  317  318  319  320  321  322  323  324  325  326  327  328  329  330  331  332  333  334  335  336
  337  338  339  340  341  342  343  344  345  346  347  348  349  350  351  352  353  354  355  356  357
  358  359  360  361  362  363  364  365  366  367  368  369  370  371  372  373  374  375  376  377  378
  379  380  381  382  383  384  385  386  387  388  389  390  391  392  393  394  395  396  397  398  399
  400  401  402  403  404  405  406  407  408  409  410  411  412  413  414  415  416  417  418  419  420
  421  422  423  424  425  426  427  428  429  430  431  432  433  434  435  436  437  438  439  440  441
  442  443  444  445  446  447  448  449  450  451  452  453  454  455  456  457  458  459  460  461  462
  463  464  465  466  467  468  469  470  471  472  473  474  475  476  477  478  479  480  481  482  483
  484  485  486  487  488  489  490  491  492  493  494  495  496  497  498  499  500  501  502  503  504
  505  506  507  508  509  510  511  512  513  514  515  516  517  518  519  520  521  522  523  524  525
  526  527  528  529  530  531  532  533  534  535  536  537  538  539  540  541  542  543  544  545  546
  547  548  549  550  551  552  553  554  555  556  557  558  559  560  561  562  563  564  565  566
}
PrimaryScale V2 {
NscaleIntervals 14
Nscales 16
NobsPar
  310  727 1134 1219 1198 1193 1212 1205 1224 1202 1248 1247 1245 1130  710  320
Smooth
Scalespacing 4.85143
Phi0 -29.75
Scales
SmoothedValue V1 {
Nvalues 16
Xmin -29.75
Xmax  38.17
X0 -29.75
Spacing 4.85143
Nsample 14
Values
 0.0104195      1 0.87462 1.05255 0.968435 0.914614 0.94097 0.960281 0.831297 0.96664 0.79851 0.950771
 0.82144 0.70516 0.550434 1.03385
Positions
   -0.5    0.5    1.5    2.5    3.5    4.5    5.5    6.5    7.5    8.5    9.5   10.5   11.5   12.5   13.5
   14.5
Naverage 3
Sigma    0.7
}
}
Nbfactors    1
RelativeBfactor V2 {
NbfacIntervals 3
Nbfac 5
NobsPar
 1795 3685 5508 3713 1823
Smooth
Bfacspacing  22.64
Time0 -29.75
Bfactors
SmoothedValue V1 {
Nvalues 5
Xmin -29.75
Xmax  38.17
X0 -29.75
Spacing  22.64
Nsample 3
Values
 0.263809 -0.263809 -0.195788 -0.319405 0.110408
Positions
   -0.5    0.5    1.5    2.5    3.5
Naverage 3
Sigma    0.7
}
}
Nsecscales    1
SecondaryScale V1 {
Lmax 4
LmaxOdd 3
Pole -1
Ncoeffs 24
NobsPar
 5508 5508 5508 5508 5508 5508 5508 5508 5508 5508 5508 5508 5508 5508 5508 5508 5508 5508 5508 5508 5508
 5508 5508 5508
SphCoefficients
 7.56705e-05 -0.000145676 -0.000382615 -0.000340874 0.000164191 0.000359713 0.000436113 -0.0001409 0.000580694
 0.000125207 0.000111843 -0.000699442 2.51335e-05 0.000350592 0.000689619 -0.000494828 -0.000583525 -0.000686675
 0.000485157 0.000494952 -0.000399568 -0.000490683 -0.000563451 0.000398379
}
Sec_scale_index_run
    0
Ndetscales    0
sd_rotation     -1
sd_bfactor     -1
sd_zerob     -1
sd_surface  0.005
tie_tile_number    7
tie_tile   0.01
tie_tile   0.01
tie_tile  0.001
tie_tile   0.01
tie_tile  0.002
tie_tile    0.7
tie_tile    0.4
Scalenormrun    0
Scalenormbatch    1
Bfacnormrun   -1
Bfacnormbatch   -1
Variances{
Nparameters   45
nfreedom 5463
wD2 4078.26
ParameterVariance
 0.0662308 0.00338859 0.0013442 0.00144479 0.00132428 0.00145986 0.0011154 0.00131543 0.00117032 0.00100281
 0.00113214 0.001388 0.00119482 0.0011984 0.00233299 0.0513368 0.0283514 0.00147625 0.00159403 0.00186304
 0.034523 9.33042e-06 9.33026e-06 9.32744e-06 9.32314e-06 9.32839e-06 9.3264e-06 9.32717e-06 9.32901e-06
 9.31579e-06 9.31836e-06 9.32586e-06 9.31996e-06 9.32721e-06 9.32677e-06 9.31733e-06 9.30222e-06 9.30565e-06
 9.31874e-06 9.31532e-06 9.32319e-06 9.31984e-06 9.32064e-06 9.32312e-06 9.31206e-06

VarianceCovariance {
{ 0.0662308 -0.00571151 0.00387809 -0.00138243 -4.13212e-05 -0.000337394 0.00033112 0.000586367 0.000742785
 0.000573416 0.000459199 0.000353747 0.000242798 0.000221959 0.00035944 0.00049801 -0.0119672 0.00207145
 -0.00103094 0.000326607 -0.00129136 5.24123e-08 -6.56363e-07 7.09584e-07 -5.43115e-07 1.30355e-06 -1.05136e-06
 1.29303e-07 -8.08814e-07 1.45459e-06 -1.64804e-06 1.54033e-06 -2.69114e-07 1.24583e-06 7.06178e-07 -8.55314e-07
 -2.59404e-06 1.44418e-06 -2.24437e-06 2.20249e-07 -1.37162e-06 -1.42489e-06 6.91788e-07 -4.53182e-07
 2.12593e-06
}
{ -0.00571151 0.00338859 -0.000543439 1.48951e-05 -0.00056519 -0.00041854 -0.00032883 -0.000233655 -0.000190501
 -0.000206933 -0.000201233 -0.00035837 -0.000300147 -0.000232741 -0.000169963 4.90555e-06 -0.00576888
 0.000759125 -0.000207721 0.000144819 -0.000285596 2.28309e-06 -3.61167e-06 5.15218e-06 -7.95311e-06 3.28167e-06
 -6.30745e-06 -3.70061e-06 -1.42118e-06 1.17904e-05 2.52407e-06 4.07619e-06 6.5183e-06 6.99407e-07 3.37149e-06
 -9.94816e-06 -9.95577e-06 -1.00832e-05 -1.46013e-06 -6.47157e-06 1.85212e-06 -4.40165e-06 9.01984e-06
 5.31902e-06 4.21825e-06
}
{ 0.00387809 -0.000543439 0.0013442 -0.00016759 0.000315668 1.16308e-06 -1.35311e-05 -0.000132502 -0.000101336
 -0.000156267 -0.000132783 -0.000134956 -0.000113635 -8.92407e-05 -0.000117857 2.35169e-06 -0.000459046
 -0.000234176 0.0002537 8.67312e-05 0.000314468 1.8723e-06 -2.44904e-06 3.78648e-06 -6.158e-06 1.54688e-06
 -4.42805e-06 -3.2826e-06 -4.65562e-07 8.41339e-06 3.68041e-06 1.96458e-06 5.75114e-06 -5.10836e-07 2.07984e-06
 -7.70194e-06 -5.57465e-06 -9.76195e-06 1.04287e-06 -5.45452e-06 2.62606e-06 -2.12331e-06 6.94672e-06
 4.99377e-06 1.55535e-06
}
{ -0.00138243 1.48951e-05 -0.00016759 0.00144479 -3.24112e-05 0.000364447 -0.000101653 -0.000124263 -0.000196741
 -0.000306114 -0.000208032 -0.000211914 -0.000159307 -0.000141877 -0.000193112 1.99603e-05 0.00215812
 -0.000767908 0.000489723 0.000109612 0.000554943 2.04327e-06 -2.21937e-06 3.71383e-06 -6.30492e-06 6.23743e-07
 -4.05399e-06 -3.74031e-06 1.51562e-07 7.68531e-06 5.43668e-06 6.67581e-07 6.31442e-06 -1.54289e-06 1.45609e-06
 -7.79727e-06 -3.04612e-06 -1.15311e-05 3.31935e-06 -5.22782e-06 3.57391e-06 -4.83832e-07 6.75174e-06
 5.91397e-06 -2.74671e-07
}
{ -4.13212e-05 -0.00056519 0.000315668 -3.24112e-05 0.00132428 -0.000185871 0.000269604 -0.000153425 -0.000132167
 -0.000187541 -0.000159725 -0.000145022 -0.000133496 -0.000110155 -0.000158583 6.71459e-05 0.00244067
 -0.000685101 0.0003276 0.000139994 0.000349368 1.60758e-06 -1.33905e-06 2.54733e-06 -4.52497e-06 -4.83664e-07
 -2.4433e-06 -3.05569e-06 7.2823e-07 4.47804e-06 5.47993e-06 -8.94285e-07 4.79978e-06 -2.06821e-06 2.97701e-07
 -5.48398e-06 6.63811e-07 -9.43392e-06 4.49757e-06 -2.94998e-06 3.15603e-06 1.47371e-06 4.32857e-06 4.95011e-06
 -2.08528e-06
}
{ -0.000337394 -0.00041854 1.16308e-06 0.000364447 -0.000185871 0.00145986 -0.000274867 0.000260264 4.91543e-05
 -6.95053e-05 -0.000126488 -0.000232552 -0.000225478 -0.000162537 -0.000113952 0.000123747 0.00189659
 -0.000452042 -8.26763e-05 0.000386437 -0.00028475 1.22211e-06 -6.94646e-07 1.59364e-06 -3.02312e-06 -1.15624e-06
 -1.16034e-06 -2.3313e-06 1.0591e-06 1.91576e-06 5.01146e-06 -1.90752e-06 3.19284e-06 -2.22034e-06 -5.75241e-07
 -3.43507e-06 3.23955e-06 -6.9225e-06 4.71194e-06 -6.65519e-07 2.33958e-06 2.80428e-06 2.15421e-06 3.76934e-06
 -3.18751e-06
}
{ 0.00033112 -0.00032883 -1.35311e-05 -0.000101653 0.000269604 -0.000274867 0.0011154 -0.000207903 0.000254925
 -1.58846e-06 -7.06448e-05 -0.000211922 -0.000223409 -0.0001524 -0.00010111 0.00024882 0.000565078 -5.49083e-05
 -0.000364994 0.00039151 -0.000580782 8.66179e-07 -1.39462e-07 8.563e-07 -1.64429e-06 -1.69469e-06 -1.53757e-07
 -1.73501e-06 1.26492e-06 -4.15203e-07 4.39192e-06 -2.6528e-06 1.80406e-06 -2.16834e-06 -1.29805e-06 -1.77231e-06
 5.38634e-06 -4.24115e-06 4.58461e-06 1.31643e-06 1.29787e-06 3.73232e-06 3.49008e-07 2.69357e-06 -3.86813e-06
}
{ 0.000586367 -0.000233655 -0.000132502 -0.000124263 -0.000153425 0.000260264 -0.000207903 0.00131543 -0.000106898
 0.000275571 -8.73853e-05 -0.000227262 -0.000280143 -0.000180519 -8.62458e-05 0.000309509 -0.00033389
 0.000235963 -0.000683948 0.00050272 -0.000900376 4.18277e-07 4.10772e-07 -3.09957e-08 -7.76262e-08 -1.98511e-06
 9.38077e-07 -8.48771e-07 1.32717e-06 -2.6663e-06 3.09749e-06 -3.03171e-06 -3.00111e-08 -1.82226e-06 -1.88141e-06
 2.59407e-07 6.62677e-06 -7.58957e-07 3.50312e-06 3.36289e-06 -4.99693e-08 4.11863e-06 -1.651e-06 1.06193e-06
 -4.0679e-06
}
{ 0.000742785 -0.000190501 -0.000101336 -0.000196741 -0.000132167 4.91543e-05 0.000254925 -0.000106898
 0.00117032 -0.000197528 0.000157058 -0.000190199 -0.000148751 -0.00012101 -6.70756e-05 0.00018777 -0.000535848
 0.000289933 -0.00056939 0.00032144 -0.000526276 -3.81683e-08 7.40869e-07 -7.45602e-07 1.17268e-06 -1.71539e-06
 1.58727e-06 9.68839e-08 1.01371e-06 -3.74685e-06 1.28622e-06 -2.51746e-06 -1.53221e-06 -1.03159e-06 -1.82575e-06
 1.86646e-06 5.82927e-06 2.17069e-06 1.57825e-06 4.08304e-06 -1.1363e-06 3.21783e-06 -2.84606e-06 -6.03502e-07
 -3.06018e-06
}
{ 0.000573416 -0.000206933 -0.000156267 -0.000306114 -0.000187541 -6.95053e-05 -1.58846e-06 0.000275571
 -0.000197528 0.00100281 -0.000237257 0.000167127 -7.72309e-05 -4.48922e-05 -0.000157116 -3.1748e-05 -0.000454555
 0.000330376 -0.000370593 -2.74925e-05 0.000554152 -6.31889e-07 1.30506e-06 -1.70048e-06 2.98077e-06 -1.66788e-06
 2.5789e-06 1.2016e-06 8.40827e-07 -5.71497e-06 -8.20399e-07 -2.2737e-06 -3.4283e-06 -2.89926e-07 -2.08723e-06
 3.9697e-06 5.62422e-06 6.16095e-06 -3.50828e-07 5.27228e-06 -2.53316e-06 2.65516e-06 -4.53374e-06 -2.54926e-06
 -2.44724e-06
}
{ 0.000459199 -0.000201233 -0.000132783 -0.000208032 -0.000159725 -0.000126488 -7.06448e-05 -8.73853e-05
 0.000157058 -0.000237257 0.00113214 -0.000100544 0.000339498 2.69714e-06 -0.00012695 -0.000358582 -5.30447e-05
 0.000223692 5.72581e-05 -0.000467155 0.00165387 -1.01452e-06 1.37297e-06 -2.17887e-06 3.65191e-06 -9.27911e-07
 2.71677e-06 2.03537e-06 2.4417e-07 -5.34773e-06 -2.62205e-06 -1.05007e-06 -4.19109e-06 6.49127e-07 -1.36366e-06
 4.84088e-06 3.06414e-06 7.47961e-06 -2.30259e-06 4.29807e-06 -2.7062e-06 7.79159e-07 -4.60072e-06 -3.72569e-06
 -5.74302e-07
}
{ 0.000353747 -0.00035837 -0.000134956 -0.000211914 -0.000145022 -0.000232552 -0.000211922 -0.000227262
 -0.000190199 0.000167127 -0.000100544 0.001388 0.000103165 0.000318598 -0.000289394 -3.71583e-05 0.000549027
 0.000109736 0.000473098 -0.000906712 0.00264173 -1.84168e-06 1.94896e-06 -3.28847e-06 5.68748e-06 -3.59113e-07
 3.5328e-06 3.45007e-06 -3.03763e-07 -6.58533e-06 -5.51585e-06 1.12523e-08 -5.8274e-06 1.79539e-06 -1.02486e-06
 6.97615e-06 1.09188e-06 1.0991e-05 -4.4654e-06 3.88883e-06 -3.49783e-06 -8.37028e-07 -5.71193e-06 -5.75515e-06
 1.10762e-06
}
{ 0.000242798 -0.000300147 -0.000113635 -0.000159307 -0.000133496 -0.000225478 -0.000223409 -0.000280143
 -0.000148751 -7.72309e-05 0.000339498 0.000103165 0.00119482 -0.000139154 0.000211629 -0.000926656 0.000560874
 4.93382e-05 0.000499318 -0.000772356 0.00161117 -2.24333e-06 1.92658e-06 -3.56115e-06 6.08285e-06 6.33953e-07
 3.24081e-06 4.0575e-06 -9.68849e-07 -5.35466e-06 -7.09349e-06 1.46451e-06 -5.61951e-06 2.56014e-06 -2.61604e-08
 7.12839e-06 -2.02766e-06 1.07298e-05 -5.24723e-06 1.62714e-06 -2.77506e-06 -2.61683e-06 -4.90073e-06
 -6.10795e-06 2.97191e-06
}
{ 0.000221959 -0.000232741 -8.92407e-05 -0.000141877 -0.000110155 -0.000162537 -0.0001524 -0.000180519
 -0.00012101 -4.48922e-05 2.69714e-06 0.000318598 -0.000139154 0.0011984 -0.00030175 0.00305964 0.000329092
 3.83818e-05 0.000248869 -0.000238396 -0.00124453 -2.4527e-06 1.76789e-06 -3.62235e-06 5.93168e-06 1.45277e-06
 2.77971e-06 4.32704e-06 -1.51656e-06 -3.81657e-06 -7.69758e-06 2.51387e-06 -4.9123e-06 2.93683e-06 9.28694e-07
 6.76735e-06 -4.15653e-06 9.22747e-06 -5.00242e-06 -3.82159e-07 -1.6166e-06 -3.70796e-06 -3.87535e-06
 -5.78068e-06 4.32397e-06
}
{ 0.00035944 -0.000169963 -0.000117857 -0.000193112 -0.000158583 -0.000113952 -0.00010111 -8.62458e-05
 -6.70756e-05 -0.000157116 -0.00012695 -0.000289394 0.000211629 -0.00030175 0.00233299 -0.00602211 -0.000166641
 7.31965e-05 -0.000121482 0.000411341 -0.00428499 -2.35998e-06 1.46703e-06 -3.18263e-06 5.1609e-06 1.92524e-06
 2.02052e-06 3.92933e-06 -1.66673e-06 -2.18912e-06 -7.22079e-06 2.90844e-06 -3.56166e-06 2.74607e-06 1.40606e-06
 5.58324e-06 -5.1279e-06 6.87147e-06 -3.75435e-06 -1.83879e-06 -5.84962e-07 -3.72003e-06 -2.61318e-06
 -4.7032e-06 4.51376e-06
}
{ 0.00049801 4.90555e-06 2.35169e-06 1.99603e-05 6.71459e-05 0.000123747 0.00024882 0.000309509 0.00018777
 -3.1748e-05 -0.000358582 -3.71583e-05 -0.000926656 0.00305964 -0.00602211 0.0513368 -0.000401149 5.43527e-05
 -0.000590854 0.0013418 -0.0091822 -4.7975e-06 2.63658e-06 -6.68716e-06 9.64173e-06 4.41786e-06 3.76109e-06
 8.24409e-06 -4.21451e-06 -2.88698e-06 -1.3794e-05 6.45063e-06 -6.48477e-06 5.7059e-06 4.30954e-06 1.08109e-05
 -1.03883e-05 1.13551e-05 -6.61132e-06 -4.73454e-06 8.53546e-07 -8.15701e-06 -4.44388e-06 -8.47514e-06
 1.07753e-05
}
{ -0.0119672 -0.00576888 -0.000459046 0.00215812 0.00244067 0.00189659 0.000565078 -0.00033389 -0.000535848
 -0.000454555 -5.30447e-05 0.000549027 0.000560874 0.000329092 -0.000166641 -0.000401149 0.0283514 -0.00522563
 0.00269527 -0.000693119 0.00388939 1.70762e-09 1.31906e-08 4.60773e-08 1.5958e-08 -8.00036e-08 -2.86918e-08
 -3.69383e-08 -6.62657e-08 -1.4272e-07 1.55067e-07 -2.38756e-08 4.0738e-08 9.77259e-08 1.62869e-08 5.7028e-10
 3.788e-07 -1.07188e-07 6.89897e-08 -2.09804e-08 -1.07802e-07 -3.44076e-08 -7.30572e-08 -5.49441e-10 1.46519e-07
}
{ 0.00207145 0.000759125 -0.000234176 -0.000767908 -0.000685101 -0.000452042 -5.49083e-05 0.000235963 0.000289933
 0.000330376 0.000223692 0.000109736 4.93382e-05 3.83818e-05 7.31965e-05 5.43527e-05 -0.00522563 0.00147625
 -0.000881178 -0.000147822 -0.000590607 4.46231e-10 -3.64213e-10 -1.90202e-08 5.78305e-09 6.22811e-09
 2.52688e-08 2.00193e-08 1.69598e-08 -9.71776e-09 -3.11138e-08 -1.10298e-08 -4.60747e-08 -2.20781e-08
 -1.53569e-08 5.23481e-08 -1.80301e-08 7.66973e-08 -2.54527e-08 6.22767e-08 4.58614e-09 3.1583e-08 -5.72419e-08
 -5.04877e-08 -4.62793e-08
}
{ -0.00103094 -0.000207721 0.0002537 0.000489723 0.0003276 -8.26763e-05 -0.000364994 -0.000683948 -0.00056939
 -0.000370593 5.72581e-05 0.000473098 0.000499318 0.000248869 -0.000121482 -0.000590854 0.00269527 -0.000881178
 0.00159403 -0.00111803 0.00297225 6.63565e-10 6.18541e-09 2.19345e-08 3.57679e-09 -1.89321e-08 -2.54887e-08
 -2.55894e-08 -5.7946e-09 -1.96422e-08 2.66648e-08 1.00594e-08 5.27742e-08 1.07331e-08 7.68855e-09 -4.9608e-08
 3.09832e-08 -2.17703e-08 2.05279e-08 -7.89415e-08 -8.74341e-10 -2.57656e-08 5.51291e-08 3.85686e-08 4.19089e-08
}
{ 0.000326607 0.000144819 8.67312e-05 0.000109612 0.000139994 0.000386437 0.00039151 0.00050272 0.00032144
 -2.74925e-05 -0.000467155 -0.000906712 -0.000772356 -0.000238396 0.000411341 0.0013418 -0.000693119 -0.000147822
 -0.00111803 0.00186304 -0.00565772 5.22348e-10 -8.80324e-09 -3.84246e-10 -1.3607e-08 2.58598e-08 -2.49448e-09
 3.64265e-09 2.98819e-09 5.77669e-08 -2.31508e-08 7.73684e-09 -5.8811e-09 -8.1852e-10 -1.74537e-09 -1.25986e-08
 -9.13182e-08 -4.64618e-08 -9.04886e-09 7.90084e-09 -8.78974e-10 -4.95245e-09 2.26027e-08 1.1857e-08 -1.86959e-08
}
{ -0.00129136 -0.000285596 0.000314468 0.000554943 0.000349368 -0.00028475 -0.000580782 -0.000900376 -0.000526276
 0.000554152 0.00165387 0.00264173 0.00161117 -0.00124453 -0.00428499 -0.0091822 0.00388939 -0.000590607
 0.00297225 -0.00565772 0.034523 -2.3806e-08 1.42072e-08 -5.12485e-08 5.21148e-09 -3.58475e-08 2.54949e-09
 2.38753e-08 -1.025e-07 -5.71092e-08 1.50398e-07 -2.55397e-09 6.67649e-08 3.85881e-08 1.31258e-07 -5.14328e-08
 3.15866e-07 -1.45082e-07 1.2403e-07 -6.14847e-08 1.45993e-07 -4.91484e-08 7.0654e-08 1.62213e-07 1.60496e-07
}
{ 5.24123e-08 2.28309e-06 1.8723e-06 2.04327e-06 1.60758e-06 1.22211e-06 8.66179e-07 4.18277e-07 -3.81683e-08
 -6.31889e-07 -1.01452e-06 -1.84168e-06 -2.24333e-06 -2.4527e-06 -2.35998e-06 -4.7975e-06 1.70762e-09
 4.46231e-10 6.63565e-10 5.22348e-10 -2.3806e-08 9.33042e-06 9.29457e-10 -4.47508e-10 2.8806e-09 3.91894e-10
 1.95432e-11 6.44081e-10 -4.5678e-10 -2.25714e-09 -3.19056e-09 9.78383e-10 7.21252e-11 1.20015e-09 -1.26638e-10
 7.73401e-10 -8.81168e-10 4.17371e-09 -1.76665e-10 -1.82215e-09 -1.4797e-09 -8.37995e-10 -2.07883e-11
 -7.368e-10 1.23587e-09
}
{ -6.56363e-07 -3.61167e-06 -2.44904e-06 -2.21937e-06 -1.33905e-06 -6.94646e-07 -1.39462e-07 4.10772e-07
 7.40869e-07 1.30506e-06 1.37297e-06 1.94896e-06 1.92658e-06 1.76789e-06 1.46703e-06 2.63658e-06 1.31906e-08
 -3.64213e-10 6.18541e-09 -8.80324e-09 1.42072e-08 9.29457e-10 9.33026e-06 4.47925e-10 -3.05908e-09 9.0795e-10
 -5.98194e-10 -7.96552e-11 -4.02316e-10 4.08386e-09 1.5474e-09 7.42877e-10 -1.141e-10 -1.85009e-10 1.32934e-09
 -9.24743e-10 -2.66597e-09 -4.0953e-09 -1.54358e-09 3.43414e-10 1.69859e-09 -1.24407e-09 8.62495e-10 2.22858e-10
 1.12786e-09
}
{ 7.09584e-07 5.15218e-06 3.78648e-06 3.71383e-06 2.54733e-06 1.59364e-06 8.563e-07 -3.09957e-08 -7.45602e-07
 -1.70048e-06 -2.17887e-06 -3.28847e-06 -3.56115e-06 -3.62235e-06 -3.18263e-06 -6.68716e-06 4.60773e-08
 -1.90202e-08 2.19345e-08 -3.84246e-10 -5.12485e-08 -4.47508e-10 4.47925e-10 9.32744e-06 9.36361e-10 -4.92988e-11
 4.27537e-09 3.92889e-09 -3.41166e-10 -6.39409e-10 -4.38971e-10 -6.16899e-10 -6.23294e-09 -1.66174e-10
 9.51981e-10 7.4349e-09 2.15671e-10 1.51721e-10 -3.26526e-09 4.67047e-09 2.63128e-09 -7.41085e-10 -5.74663e-09
 -4.95608e-09 7.91288e-10
}
{ -5.43115e-07 -7.95311e-06 -6.158e-06 -6.30492e-06 -4.52497e-06 -3.02312e-06 -1.64429e-06 -7.76262e-08
 1.17268e-06 2.98077e-06 3.65191e-06 5.68748e-06 6.08285e-06 5.93168e-06 5.1609e-06 9.64173e-06 1.5958e-08
 5.78305e-09 3.57679e-09 -1.3607e-08 5.21148e-09 2.8806e-09 -3.05908e-09 9.36361e-10 9.32314e-06 6.24217e-10
 -5.86011e-10 -8.3188e-10 7.29061e-11 9.10436e-09 7.13417e-09 -4.93535e-10 -2.75317e-10 -2.15488e-09 2.2158e-09
 -1.99076e-09 -2.23726e-09 -1.27831e-08 -1.36315e-09 2.81588e-09 5.26585e-09 -4.82477e-10 1.04684e-09
 1.36789e-09 -2.08368e-10
}
{ 1.30355e-06 3.28167e-06 1.54688e-06 6.23743e-07 -4.83664e-07 -1.15624e-06 -1.69469e-06 -1.98511e-06 -1.71539e-06
 -1.66788e-06 -9.27911e-07 -3.59113e-07 6.33953e-07 1.45277e-06 1.92524e-06 4.41786e-06 -8.00036e-08 6.22811e-09
 -1.89321e-08 2.58598e-08 -3.58475e-08 3.91894e-10 9.0795e-10 -4.92988e-11 6.24217e-10 9.32839e-06 1.29894e-09
 -1.21022e-09 1.45619e-09 -4.77916e-09 4.01357e-09 -3.78144e-09 1.00217e-10 -1.71889e-09 -2.26316e-09
 3.32065e-10 9.26738e-09 -1.45766e-12 3.79815e-09 3.15574e-09 -6.35185e-10 4.00581e-09 -1.8949e-09 1.2998e-09
 -4.04333e-09
}
{ -1.05136e-06 -6.30745e-06 -4.42805e-06 -4.05399e-06 -2.4433e-06 -1.16034e-06 -1.53757e-07 9.38077e-07
 1.58727e-06 2.5789e-06 2.71677e-06 3.5328e-06 3.24081e-06 2.77971e-06 2.02052e-06 3.76109e-06 -2.86918e-08
 2.52688e-08 -2.54887e-08 -2.49448e-09 2.54949e-09 1.95432e-11 -5.98194e-10 4.27537e-09 -5.86011e-10 1.29894e-09
 9.3264e-06 -3.55913e-09 -6.59965e-10 1.96859e-09 -1.49043e-09 2.52042e-09 6.91098e-09 1.40869e-09 3.09852e-10
 -8.0791e-09 -3.50839e-09 2.66391e-10 2.19154e-09 -7.25426e-09 -2.51045e-09 -1.51071e-09 7.19085e-09 4.96634e-09
 1.9245e-09
}
{ 1.29303e-07 -3.70061e-06 -3.2826e-06 -3.74031e-06 -3.05569e-06 -2.3313e-06 -1.73501e-06 -8.48771e-07
 9.68839e-08 1.2016e-06 2.03537e-06 3.45007e-06 4.0575e-06 4.32704e-06 3.92933e-06 8.24409e-06 -3.69383e-08
 2.00193e-08 -2.55894e-08 3.64265e-09 2.38753e-08 6.44081e-10 -7.96552e-11 3.92889e-09 -8.3188e-10 -1.21022e-09
 -3.55913e-09 9.32717e-06 1.26258e-09 -9.10164e-10 2.21536e-09 -1.16865e-09 6.30028e-09 -1.08439e-09 -2.08173e-09
 -7.12542e-09 3.15251e-09 -8.45187e-10 5.34676e-09 -3.35375e-09 -2.25276e-09 2.98252e-09 4.90714e-09 5.55036e-09
 -3.39975e-09
}
{ -8.08814e-07 -1.42118e-06 -4.65562e-07 1.51562e-07 7.2823e-07 1.0591e-06 1.26492e-06 1.32717e-06 1.01371e-06
 8.40827e-07 2.4417e-07 -3.03763e-07 -9.68849e-07 -1.51656e-06 -1.66673e-06 -4.21451e-06 -6.62657e-08
 1.69598e-08 -5.7946e-09 2.98819e-09 -1.025e-07 -4.5678e-10 -4.02316e-10 -3.41166e-10 7.29061e-11 1.45619e-09
 -6.59965e-10 1.26258e-09 9.32901e-06 1.49313e-09 -1.67816e-09 2.94665e-09 -5.00391e-10 2.97056e-09 3.11903e-09
 1.84803e-10 -2.70371e-09 2.27252e-10 -3.38231e-09 -2.48037e-09 2.37531e-10 -5.20646e-09 9.96366e-10 -8.44702e-10
 7.00252e-09
}
{ 1.45459e-06 1.17904e-05 8.41339e-06 7.68531e-06 4.47804e-06 1.91576e-06 -4.15203e-07 -2.6663e-06 -3.74685e-06
 -5.71497e-06 -5.34773e-06 -6.58533e-06 -5.35466e-06 -3.81657e-06 -2.18912e-06 -2.88698e-06 -1.4272e-07
 -9.71776e-09 -1.96422e-08 5.77669e-08 -5.71092e-08 -2.25714e-09 4.08386e-09 -6.39409e-10 9.10436e-09
 -4.77916e-09 1.96859e-09 -9.10164e-10 1.49313e-09 9.31579e-06 -2.01517e-09 -4.2334e-09 2.23209e-10 4.79243e-10
 -4.98093e-09 1.92172e-09 1.49474e-08 1.41303e-08 5.36045e-09 1.92391e-09 -7.02585e-09 5.15334e-09 -3.34526e-09
 3.98507e-10 -4.12169e-09
}
{ -1.64804e-06 2.52407e-06 3.68041e-06 5.43668e-06 5.47993e-06 5.01146e-06 4.39192e-06 3.09749e-06 1.28622e-06
 -8.20399e-07 -2.62205e-06 -5.51585e-06 -7.09349e-06 -7.69758e-06 -7.22079e-06 -1.3794e-05 1.55067e-07
 -3.11138e-08 2.66648e-08 -2.31508e-08 1.50398e-07 -3.19056e-09 1.5474e-09 -4.38971e-10 7.13417e-09 4.01357e-09
 -1.49043e-09 2.21536e-09 -1.67816e-09 -2.01517e-09 9.31836e-06 5.75476e-09 -2.96941e-14 4.23377e-09 4.13294e-10
 1.03989e-09 -1.1849e-08 1.38062e-08 -4.71805e-09 -6.47295e-09 -5.07769e-09 -4.64479e-09 1.77215e-09 -3.2807e-09
 4.80252e-09
}
{ 1.54033e-06 4.07619e-06 1.96458e-06 6.67581e-07 -8.94285e-07 -1.90752e-06 -2.6528e-06 -3.03171e-06 -2.51746e-06
 -2.2737e-06 -1.05007e-06 1.12523e-08 1.46451e-06 2.51387e-06 2.90844e-06 6.45063e-06 -2.38756e-08 -1.10298e-08
 1.00594e-08 7.73684e-09 -2.55397e-09 9.78383e-10 7.42877e-10 -6.16899e-10 -4.93535e-10 -3.78144e-09 2.52042e-09
 -1.16865e-09 2.94665e-09 -4.2334e-09 5.75476e-09 9.32586e-06 -1.07033e-09 -3.9021e-09 -3.629e-09 1.60202e-09
 1.02199e-08 -1.93252e-09 4.90394e-09 6.24893e-09 5.69438e-10 7.03765e-09 -3.65071e-09 8.40517e-10 -8.25021e-09
}
{ -2.69114e-07 6.5183e-06 5.75114e-06 6.31442e-06 4.79978e-06 3.19284e-06 1.80406e-06 -3.00111e-08 -1.53221e-06
 -3.4283e-06 -4.19109e-06 -5.8274e-06 -5.61951e-06 -4.9123e-06 -3.56166e-06 -6.48477e-06 4.0738e-08 -4.60747e-08
 5.27742e-08 -5.8811e-09 6.67649e-08 7.21252e-11 -1.141e-10 -6.23294e-09 -2.75317e-10 1.00217e-10 6.91098e-09
 6.30028e-09 -5.00391e-10 2.23209e-10 -2.96941e-14 -1.07033e-09 9.31996e-06 -1.89909e-10 1.51932e-09 1.21022e-08
 -1.83023e-10 4.02551e-10 -8.02025e-09 1.05263e-08 3.18073e-09 -1.51147e-09 -1.01624e-08 -9.05271e-09
 1.40612e-09
}
{ 1.24583e-06 6.99407e-07 -5.10836e-07 -1.54289e-06 -2.06821e-06 -2.22034e-06 -2.16834e-06 -1.82226e-06
 -1.03159e-06 -2.89926e-07 6.49127e-07 1.79539e-06 2.56014e-06 2.93683e-06 2.74607e-06 5.7059e-06 9.77259e-08
 -2.20781e-08 1.07331e-08 -8.1852e-10 3.85881e-08 1.20015e-09 -1.85009e-10 -1.66174e-10 -2.15488e-09 -1.71889e-09
 1.40869e-09 -1.08439e-09 2.97056e-09 4.79243e-10 4.23377e-09 -3.9021e-09 -1.89909e-10 9.32721e-06 -2.80478e-09
 3.76942e-10 3.21422e-09 -4.33725e-09 3.93506e-09 4.04845e-09 2.30746e-09 6.13681e-09 -1.62283e-09 1.05242e-09
 -8.35548e-09
}
{ 7.06178e-07 3.37149e-06 2.07984e-06 1.45609e-06 2.97701e-07 -5.75241e-07 -1.29805e-06 -1.88141e-06 -1.82575e-06
 -2.08723e-06 -1.36366e-06 -1.02486e-06 -2.61604e-08 9.28694e-07 1.40606e-06 4.30954e-06 1.62869e-08 -1.53569e-08
 7.68855e-09 -1.74537e-09 1.31258e-07 -1.26638e-10 1.32934e-09 9.51981e-10 2.2158e-09 -2.26316e-09 3.09852e-10
 -2.08173e-09 3.11903e-09 -4.98093e-09 4.13294e-10 -3.629e-09 1.51932e-09 -2.80478e-09 9.32677e-06 -8.37409e-10
 5.07487e-09 3.83257e-09 4.9023e-09 2.1589e-09 -2.92789e-09 6.7404e-09 -9.61448e-10 1.33953e-09 -8.5189e-09
}
{ -8.55314e-07 -9.94816e-06 -7.70194e-06 -7.79727e-06 -5.48398e-06 -3.43507e-06 -1.77231e-06 2.59407e-07
 1.86646e-06 3.9697e-06 4.84088e-06 6.97615e-06 7.12839e-06 6.76735e-06 5.58324e-06 1.08109e-05 5.7028e-10
 5.23481e-08 -4.9608e-08 -1.25986e-08 -5.14328e-08 7.73401e-10 -9.24743e-10 7.4349e-09 -1.99076e-09 3.32065e-10
 -8.0791e-09 -7.12542e-09 1.84803e-10 1.92172e-09 1.03989e-09 1.60202e-09 1.21022e-08 3.76942e-10 -8.37409e-10
 9.31733e-06 -8.40401e-10 -1.50309e-09 6.54243e-09 -1.00462e-08 -3.31689e-09 5.96418e-10 1.16377e-08 1.00111e-08
 -4.46444e-10
}
{ -2.59404e-06 -9.95577e-06 -5.57465e-06 -3.04612e-06 6.63811e-07 3.23955e-06 5.38634e-06 6.62677e-06 5.82927e-06
 5.62422e-06 3.06414e-06 1.09188e-06 -2.02766e-06 -4.15653e-06 -5.1279e-06 -1.03883e-05 3.788e-07 -1.80301e-08
 3.09832e-08 -9.13182e-08 3.15866e-07 -8.81168e-10 -2.66597e-09 2.15671e-10 -2.23726e-09 9.26738e-09 -3.50839e-09
 3.15251e-09 -2.70371e-09 1.49474e-08 -1.1849e-08 1.02199e-08 -1.83023e-10 3.21422e-09 5.07487e-09 -8.40401e-10
 9.30222e-06 -7.29925e-10 -1.03824e-08 -8.84666e-09 2.29417e-09 -9.5133e-09 5.31786e-09 -3.98427e-09 7.76297e-09
}
{ 1.44418e-06 -1.00832e-05 -9.76195e-06 -1.15311e-05 -9.43392e-06 -6.9225e-06 -4.24115e-06 -7.58957e-07
 2.17069e-06 6.16095e-06 7.47961e-06 1.0991e-05 1.07298e-05 9.22747e-06 6.87147e-06 1.13551e-05 -1.07188e-07
 7.66973e-08 -2.17703e-08 -4.64618e-08 -1.45082e-07 4.17371e-09 -4.0953e-09 1.51721e-10 -1.27831e-08 -1.45766e-12
 2.66391e-10 -8.45187e-10 2.27252e-10 1.41303e-08 1.38062e-08 -1.93252e-09 4.02551e-10 -4.33725e-09 3.83257e-09
 -1.50309e-09 -7.29925e-10 9.30565e-06 2.03821e-09 2.44806e-09 1.15922e-08 1.89606e-10 7.95141e-10 2.68334e-09
 -9.17248e-10
}
{ -2.24437e-06 -1.46013e-06 1.04287e-06 3.31935e-06 4.49757e-06 4.71194e-06 4.58461e-06 3.50312e-06 1.57825e-06
 -3.50828e-07 -2.30259e-06 -4.4654e-06 -5.24723e-06 -5.00242e-06 -3.75435e-06 -6.61132e-06 6.89897e-08
 -2.54527e-08 2.05279e-08 -9.04886e-09 1.2403e-07 -1.76665e-10 -1.54358e-09 -3.26526e-09 -1.36315e-09
 3.79815e-09 2.19154e-09 5.34676e-09 -3.38231e-09 5.36045e-09 -4.71805e-09 4.90394e-09 -8.02025e-09 3.93506e-09
 4.9023e-09 6.54243e-09 -1.03824e-08 2.03821e-09 9.31874e-06 3.1546e-09 9.38736e-10 -8.76712e-09 -3.7873e-09
 -7.65996e-09 9.78106e-09
}
{ 2.20249e-07 -6.47157e-06 -5.45452e-06 -5.22782e-06 -2.94998e-06 -6.65519e-07 1.31643e-06 3.36289e-06
 4.08304e-06 5.27228e-06 4.29807e-06 3.88883e-06 1.62714e-06 -3.82159e-07 -1.83879e-06 -4.73454e-06 -2.09804e-08
 6.22767e-08 -7.89415e-08 7.90084e-09 -6.14847e-08 -1.82215e-09 3.43414e-10 4.67047e-09 2.81588e-09 3.15574e-09
 -7.25426e-09 -3.35375e-09 -2.48037e-09 1.92391e-09 -6.47295e-09 6.24893e-09 1.05263e-08 4.04845e-09 2.1589e-09
 -1.00462e-08 -8.84666e-09 2.44806e-09 3.1546e-09 9.31532e-06 -2.57141e-09 -5.56214e-09 1.1305e-08 6.2872e-09
 6.89354e-09
}
{ -1.37162e-06 1.85212e-06 2.62606e-06 3.57391e-06 3.15603e-06 2.33958e-06 1.29787e-06 -4.99693e-08 -1.1363e-06
 -2.53316e-06 -2.7062e-06 -3.49783e-06 -2.77506e-06 -1.6166e-06 -5.84962e-07 8.53546e-07 -1.07802e-07
 4.58614e-09 -8.74341e-10 -8.78974e-10 1.45993e-07 -1.4797e-09 1.69859e-09 2.63128e-09 5.26585e-09 -6.35185e-10
 -2.51045e-09 -2.25276e-09 2.37531e-10 -7.02585e-09 -5.07769e-09 5.69438e-10 3.18073e-09 2.30746e-09 -2.92789e-09
 -3.31689e-09 2.29417e-09 1.15922e-08 9.38736e-10 -2.57141e-09 9.32319e-06 7.82112e-10 1.88563e-09 1.07981e-09
 -1.8938e-10
}
{ -1.42489e-06 -4.40165e-06 -2.12331e-06 -4.83832e-07 1.47371e-06 2.80428e-06 3.73232e-06 4.11863e-06 3.21783e-06
 2.65516e-06 7.79159e-07 -8.37028e-07 -2.61683e-06 -3.70796e-06 -3.72003e-06 -8.15701e-06 -3.44076e-08
 3.1583e-08 -2.57656e-08 -4.95245e-09 -4.91484e-08 -8.37995e-10 -1.24407e-09 -7.41085e-10 -4.82477e-10
 4.00581e-09 -1.51071e-09 2.98252e-09 -5.20646e-09 5.15334e-09 -4.64479e-09 7.03765e-09 -1.51147e-09 6.13681e-09
 6.7404e-09 5.96418e-10 -9.5133e-09 1.89606e-10 -8.76712e-09 -5.56214e-09 7.82112e-10 9.31984e-06 2.35595e-09
 -2.65666e-09 1.46528e-08
}
{ 6.91788e-07 9.01984e-06 6.94672e-06 6.75174e-06 4.32857e-06 2.15421e-06 3.49008e-07 -1.651e-06 -2.84606e-06
 -4.53374e-06 -4.60072e-06 -5.71193e-06 -4.90073e-06 -3.87535e-06 -2.61318e-06 -4.44388e-06 -7.30572e-08
 -5.72419e-08 5.51291e-08 2.26027e-08 7.0654e-08 -2.07883e-11 8.62495e-10 -5.74663e-09 1.04684e-09 -1.8949e-09
 7.19085e-09 4.90714e-09 9.96366e-10 -3.34526e-09 1.77215e-09 -3.65071e-09 -1.01624e-08 -1.62283e-09 -9.61448e-10
 1.16377e-08 5.31786e-09 7.95141e-10 -3.7873e-09 1.1305e-08 1.88563e-09 2.35595e-09 9.32064e-06 -7.74085e-09
 -2.78562e-09
}
{ -4.53182e-07 5.31902e-06 4.99377e-06 5.91397e-06 4.95011e-06 3.76934e-06 2.69357e-06 1.06193e-06 -6.03502e-07
 -2.54926e-06 -3.72569e-06 -5.75515e-06 -6.10795e-06 -5.78068e-06 -4.7032e-06 -8.47514e-06 -5.49441e-10
 -5.04877e-08 3.85686e-08 1.1857e-08 1.62213e-07 -7.368e-10 2.22858e-10 -4.95608e-09 1.36789e-09 1.2998e-09
 4.96634e-09 5.55036e-09 -8.44702e-10 3.98507e-10 -3.2807e-09 8.40517e-10 -9.05271e-09 1.05242e-09 1.33953e-09
 1.00111e-08 -3.98427e-09 2.68334e-09 -7.65996e-09 6.2872e-09 1.07981e-09 -2.65666e-09 -7.74085e-09 9.32312e-06
 2.57239e-09
}
{ 2.12593e-06 4.21825e-06 1.55535e-06 -2.74671e-07 -2.08528e-06 -3.18751e-06 -3.86813e-06 -4.0679e-06 -3.06018e-06
 -2.44724e-06 -5.74302e-07 1.10762e-06 2.97191e-06 4.32397e-06 4.51376e-06 1.07753e-05 1.46519e-07 -4.62793e-08
 4.19089e-08 -1.86959e-08 1.60496e-07 1.23587e-09 1.12786e-09 7.91288e-10 -2.08368e-10 -4.04333e-09 1.9245e-09
 -3.39975e-09 7.00252e-09 -4.12169e-09 4.80252e-09 -8.25021e-09 1.40612e-09 -8.35548e-09 -8.5189e-09 -4.46444e-10
 7.76297e-09 -9.17248e-10 9.78106e-09 6.89354e-09 -1.8938e-10 1.46528e-08 -2.78562e-09 2.57239e-09 9.31206e-06
}

}
}
}
SDModel V1.1 {
Nruns    1
SDC {
RunNumber    1
SDCfulls    SDcorrection V1 { FREESDB 6.81145 0.909163 0.0798922 }
SDCpartials SDcorrection V1 { FREESDB 6.81145 0.909163 0.0798922 }
Usetype    1
}
NoSDB    0
Allrunssame    0
Refine    1
Nsets    1
Damp     -1
Tietype   -1
Ntargets    3
Targets       0      0      0
SDtargets       0     10      0
}
