  227.6300   243.9000
  227.6200   243.9500
  227.6100   243.9600
  227.6300   243.9500
  227.6700   243.9700
  227.6400   243.9800
  227.7000   243.9500
  227.7100   243.9600
  227.7100   243.9600
  227.7100   243.9800
  227.6800   243.9400
  227.6900   243.9400
  227.6800   243.9500
  227.7000   243.9400
  227.6800   243.9300
  227.6700   243.9100
  227.7000   243.8500
  227.7300   243.8900
  227.7300   243.8900
  227.7100   243.9100
  227.7300   243.9100
  227.7300   243.8900
  227.7100   243.8700
  227.7000   243.8900
  227.7100   243.8900
  227.7800   243.8800
  227.7600   243.9000
  227.7900   243.9100
  227.7900   243.9000
  227.7500   243.9000
  227.7300   243.8800
  227.7300   243.9100
  227.7600   243.8800
  227.7700   243.8900
  227.8000   243.8800
  227.7800   243.8700
  227.7700   243.8700
  227.7600   243.8300
  227.7700   243.8400
  227.7400   243.8400
  227.7800   243.8700
  227.7600   243.8700
  227.7500   243.8700
  227.7600   243.8900
  227.7600   243.8900
  227.7600   243.9000
  227.7300   243.9300
  227.7400   243.9200
  227.7900   243.8700
